# eps 12 24 36 48
1.000000000000000056e-01 2.092150746962057184e+01 -1.709131043502583476e-17 3.581744186818458108e-17 2.097719575304015649e+01 -1.983483731007424834e-16 -2.169295999454145032e-17 2.097847816277036870e+01 -2.237954353039956765e-16 -2.519605938334547268e-17 2.097851655645844104e+01 -3.450215406343324732e-17 8.056462899442857751e-17
0.000000000000000000e+00 -7.267522437154488945e-17 2.092150746962057539e+01 7.252660428080432535e-18 -1.624120351599689997e-16 2.097719575304015649e+01 5.468290463641302533e-17 4.228935141958748462e-16 2.097847816277036870e+01 -4.892738520568785449e-17 -1.268784576650652834e-15 2.097851655645844815e+01 -2.778596572057381243e-16
0.000000000000000000e+00 1.712103445317382925e-17 1.303100955602666154e-16 2.531008586456297138e+01 5.100641514175502019e-17 4.667859809941648865e-16 2.546179758488162648e+01 -2.113707955928541901e-19 -7.006941878058204563e-16 2.546649223979651566e+01 1.184799363373593599e-16 -8.736780654193458182e-16 2.546665941368167907e+01
5.000000000000000278e-02 2.035978029845538728e+01 1.363960882760431945e-16 1.105733475100802410e-17 2.061487467705700993e+01 -2.406679439387751043e-16 -8.699848561655047155e-18 2.063596768243614576e+01 -2.613566862368638152e-16 2.668678210860353925e-17 2.063877272894705683e+01 -7.390877112468380120e-17 -3.427330234728447627e-17
0.000000000000000000e+00 -7.144167761840802381e-17 2.035978029845538373e+01 2.898091769417422869e-17 -1.273042542250633436e-16 2.061487467705701349e+01 -9.335199449565643732e-18 2.852250728096037483e-16 2.063596768243613511e+01 5.462452738723313373e-17 6.455369373797917905e-16 2.063877272894703907e+01 6.128924183394461614e-17
0.000000000000000000e+00 1.902337161463771132e-18 1.976052726470465654e-16 2.452693757674853003e+01 3.031849851082816293e-17 -3.893846377371110598e-16 2.505653035142240626e+01 -1.426752871097424674e-18 -7.955468323843753339e-17 2.511301647908049617e+01 -4.363485864107447457e-17 2.378961792464840843e-16 2.512170237883783130e+01
1.000000000000000021e-02 1.768345999158003323e+01 4.832010700163284072e-17 6.398094906329236323e-18 1.978193027554131689e+01 -1.959277233728264849e-17 -6.561577006142543503e-18 2.017410202717153211e+01 -4.002689952158407894e-17 -9.936904400267372576e-18 2.029770996790775328e+01 1.707174599339335204e-17 -2.667823516328132692e-17
0.000000000000000000e+00 -3.071791500469048304e-17 1.768345999158004034e+01 1.130998890526492957e-17 1.928252789786424406e-17 1.978193027554131334e+01 2.798887858848911570e-17 -4.250802936976051831e-17 2.017410202717152146e+01 2.728995132842865435e-17 -1.202017233105183135e-17 2.029770996790774973e+01 4.913240868508003908e-17
0.000000000000000000e+00 2.110405288498845099e-18 2.340766429144843752e-17 2.071412913357922747e+01 -1.377708241153823869e-17 -2.999153431120189986e-17 2.383279476873272529e+01 -1.747111733358191512e-17 -1.049654160861817619e-16 2.446938515071055775e+01 -8.482491678948626302e-18 -6.744379717751925691e-17 2.468442295598913105e+01
