1.539999999999999980e-01
1.600000000000000033e-01
2.000000000000000111e-01
2.200000000000000011e-01
3.049999999999999933e-01
3.059999999999999942e-01
3.089999999999999969e-01
3.180000000000000049e-01
4.430000000000000049e-01
4.440000000000000058e-01
4.560000000000000164e-01
4.819999999999999840e-01
4.859999999999999876e-01
5.260000000000000231e-01
5.500000000000000444e-01
6.059999999999999831e-01
6.099999999999999867e-01
6.199999999999999956e-01
6.400000000000000133e-01
6.780000000000000471e-01
8.609999999999999876e-01
8.629999999999999893e-01
9.929999999999999938e-01
1.006999999999999895e+00
1.046999999999999931e+00
1.106000000000000094e+00
1.175999999999999934e+00
1.247000000000000108e+00
1.278000000000000025e+00
1.421000000000000041e+00
1.683000000000000052e+00
1.915999999999999925e+00
1.955999999999999961e+00
2.648000000000000131e+00
2.673999999999999932e+00
2.898000000000000131e+00
2.943000000000000060e+00
3.008999999999999897e+00
3.055000000000000160e+00
3.293000000000000149e+00
3.315999999999999837e+00
3.443000000000000060e+00
4.506000000000000227e+00
4.631000000000000227e+00
4.650999999999999801e+00
5.600999999999999979e+00
6.610999999999999766e+00
6.929000000000000270e+00
7.431000000000000050e+00
7.594999999999999751e+00
9.820000000000000284e+00
1.033500000000000085e+01
1.174499999999999922e+01
1.323799999999999955e+01
