2.909999999999999809e-01
2.909999999999999809e-01
2.909999999999999809e-01
2.909999999999999809e-01
2.909999999999999809e-01
2.909999999999999809e-01
4.109999999999999765e-01
5.809999999999999609e-01
5.809999999999999609e-01
5.809999999999999609e-01
5.809999999999999609e-01
5.809999999999999609e-01
6.500000000000000222e-01
6.500000000000000222e-01
8.219999999999999529e-01
8.719999999999999973e-01
1.161999999999999922e+00
1.163000000000000034e+00
1.163000000000000034e+00
1.163000000000000034e+00
1.163000000000000034e+00
1.453000000000000069e+00
1.453999999999999959e+00
1.693999999999999950e+00
1.743999999999999995e+00
1.743999999999999995e+00
1.743999999999999995e+00
1.838999999999999968e+00
