3.631878100000000137e-02
4.924745199999999712e-02
1.548310539999999957e-01
1.754418839999999924e-01
2.216832719999999868e-01
4.065741929999999726e-01
1.222440117999999964e+00
1.378950525000000038e+00
1.676374076999999962e+00
1.770326223000000088e+00
1.800853288999999968e+00
1.879478430000000033e+00
1.997488278999999922e+00
2.206527751999999953e+00
2.338933951000000011e+00
3.938162702000000071e+00
3.974154792000000214e+00
4.118177771000000043e+00
4.453868375999999962e+00
5.043107999000000063e+00
6.665993766999999792e+00
6.909798917999999901e+00
6.946833898000000396e+00
7.227415665999999739e+00
7.959456227000000439e+00
1.066938537999999959e+01
1.114550889999999939e+01
1.396162467000000085e+01
1.486921150999999952e+01
1.536314750000000018e+01
1.604378162000000074e+01
1.671193716000000151e+01
1.757437071000000017e+01
1.971578152000000017e+01
2.143566247000000047e+01
2.267042560999999878e+01
2.313933739999999872e+01
2.366999879999999834e+01
2.422345483000000144e+01
2.622317933000000068e+01
2.671013238000000101e+01
2.683340066999999962e+01
3.309542857000000282e+01
3.429465259999999915e+01
4.454210189999999869e+01
4.463789528000000217e+01
4.611779660999999919e+01
4.893516208999999861e+01
5.302046169999999847e+01
