# two par
2.251369099999999887e-02
5.229078799999999777e-02
6.920346500000000567e-02
8.298183400000000431e-02
8.753341800000000172e-02
8.878666899999999862e-02
8.895044400000000351e-02
1.090195459999999950e-01
1.102893969999999974e-01
1.140888459999999938e-01
1.161913519999999977e-01
1.206510370000000026e-01
1.224180410000000052e-01
1.234985190000000010e-01
1.261269839999999975e-01
1.289311900000000011e-01
1.362963970000000136e-01
1.366663320000000015e-01
1.526366160000000027e-01
1.587300050000000073e-01
1.631553470000000061e-01
1.738022479999999925e-01
1.770610950000000017e-01
1.896400570000000008e-01
1.968184400000000112e-01
1.971677219999999897e-01
1.999555110000000024e-01
2.154789799999999866e-01
2.222246800000000078e-01
2.285892800000000058e-01
2.288112800000000058e-01
2.450830599999999915e-01
2.515224699999999980e-01
2.526483600000000163e-01
2.567329999999999890e-01
2.603772300000000151e-01
3.569382700000000019e-01
3.767402999999999724e-01
3.888640199999999769e-01
3.937338499999999963e-01
4.071585500000000080e-01
5.024688000000000487e-01
