6.873964198984528276e-03
8.020889248880435154e-03
8.467429527324947872e-03
8.811603909386974895e-03
9.065766163990379711e-03
9.068531995852936040e-03
9.285752937775559879e-03
9.300857875564312940e-03
9.334661812821182930e-03
9.349514590074005024e-03
9.488143799005699375e-03
9.519346721764906233e-03
9.524484277217134393e-03
9.657712026731508220e-03
9.719549870564850313e-03
9.721032585323570105e-03
9.744471993451717801e-03
9.763608861807455269e-03
9.851767535464319575e-03
9.878715076778548515e-03
9.904822307686337104e-03
9.944901444331038023e-03
1.002322412354888191e-02
1.004907448869680163e-02
1.008475673935645134e-02
1.012450737029905838e-02
1.013607090394039005e-02
1.014918667225663852e-02
1.019054713545771394e-02
1.024782432252389387e-02
1.027412947216651759e-02
1.029991414036941083e-02
1.031890466797296194e-02
1.048631081023120547e-02
1.053567214126062065e-02
1.056355218353712683e-02
1.065271024367761207e-02
1.077127174425431509e-02
1.080598447948393458e-02
1.080861871819698179e-02
1.081405054206506337e-02
1.088039108077143956e-02
1.091041874576473454e-02
1.091074715118857050e-02
1.091316785166897979e-02
1.091327414995753829e-02
1.098568522362122768e-02
1.099220863288091939e-02
1.100754534662242920e-02
1.102376208030379258e-02
1.103690583881722712e-02
1.103796894307351555e-02
1.109242198876184658e-02
1.112215153473696504e-02
1.114902894766505240e-02
1.116688269046396502e-02
1.118307761694696534e-02
1.120447811641983073e-02
1.127706312150429657e-02
1.127923556426700842e-02
1.129379859724151218e-02
1.131294966115062479e-02
1.138128089641087665e-02
1.138195772700477393e-02
1.142479469689301579e-02
1.143230170290781243e-02
1.144701050329376482e-02
1.153083592142895020e-02
1.158401109991266491e-02
1.160013323060951791e-02
1.164522896470636393e-02
1.167448326231722289e-02
1.169775307861582736e-02
1.172185219331144286e-02
1.172914467243677504e-02
1.173241868815410108e-02
1.179508794635767896e-02
1.184039148538790741e-02
1.184976369468192584e-02
1.187481795467725670e-02
1.193933838628799537e-02
1.197228963445858864e-02
1.197352886177979053e-02
1.200867576077009787e-02
1.203483362530911351e-02
1.205329684574323219e-02
1.205663042699701287e-02
1.207381457221178532e-02
1.209081374102268479e-02
1.210431158630974162e-02
1.211333268602171089e-02
1.212489854890187041e-02
1.213387129833612930e-02
1.216327477501126346e-02
1.216649202612251311e-02
1.221588893061371570e-02
1.224969346685870694e-02
1.225562614978674414e-02
1.226055567203470677e-02
1.229845556069952481e-02
1.230651771628275132e-02
1.231286762972733963e-02
1.232447816862038657e-02
1.234499311055543662e-02
1.235841374100573112e-02
1.236796290972613614e-02
1.238908644432999695e-02
1.240310022813177412e-02
1.240392318178000844e-02
1.242070769982290927e-02
1.243724272665002080e-02
1.244686141048915833e-02
1.251220166189483292e-02
1.251275960251775621e-02
1.254248303392119755e-02
1.255033387472219604e-02
1.255613941667965867e-02
1.255910258131422326e-02
1.256068827653279707e-02
1.257650173108789543e-02
1.260162816889145651e-02
1.260637453558271018e-02
1.260648542766339836e-02
1.262628586351046203e-02
1.264837511245513191e-02
1.270735283008604319e-02
1.271201265405692143e-02
1.271683527130483202e-02
1.272909741176929226e-02
1.273115804958633614e-02
1.273336737139229950e-02
1.275246085244568714e-02
1.275279305931342061e-02
1.283010471059593122e-02
1.287720781285917222e-02
1.289306035421198225e-02
1.289349865287100529e-02
1.293118975558231985e-02
1.293125120793192119e-02
1.293208531581197147e-02
1.293765161738803619e-02
1.294295652773888930e-02
1.294421961485475898e-02
1.294658547599805351e-02
1.295757925925608567e-02
1.296657344670968000e-02
1.298351476040691781e-02
1.299113885599345250e-02
1.299525216172717386e-02
1.299573298218815141e-02
1.308482997737970936e-02
1.308518687529848512e-02
1.309478837640876484e-02
1.310624197454218244e-02
1.313074195342288017e-02
1.315440956359139983e-02
1.317023969241177227e-02
1.317761184628590473e-02
1.320028587014111104e-02
1.320048591256136813e-02
1.322833368715377843e-02
1.323422722951867955e-02
1.323878128540604063e-02
1.325149431345620799e-02
1.326243364725574435e-02
1.327152982138603103e-02
1.327509288734680069e-02
1.328699918875777229e-02
1.330581494775037212e-02
1.332617237011180997e-02
1.333745048597012248e-02
1.334439793124191954e-02
1.335954102849910320e-02
1.336056258468173476e-02
1.337641207220395707e-02
1.337727602455053739e-02
1.338418393886774485e-02
1.340998531294180542e-02
1.341353148878285557e-02
1.341816246328419483e-02
1.342497056484799091e-02
1.344656679762242998e-02
1.346946594222817387e-02
1.347188206997109762e-02
1.348127313912370409e-02
1.349201501003127399e-02
1.353996488200238761e-02
1.354001042515471515e-02
1.357669660246425651e-02
1.357691702554843921e-02
1.358681086771843481e-02
1.362385853380539656e-02
1.364755854747493752e-02
1.364780100160538703e-02
1.364808575982919166e-02
1.365209218617013942e-02
1.366379823327608552e-02
1.367021320864090020e-02
1.368678404840721792e-02
1.371050952692074061e-02
1.371863302147797482e-02
1.373798734069654748e-02
1.376117559898612855e-02
1.376260527089667382e-02
1.376854235343552384e-02
1.378393653230266733e-02
1.379098100535491693e-02
1.379396537704898236e-02
1.379477607137043725e-02
1.380000880195362753e-02
1.381260898863473710e-02
1.381962805848567684e-02
1.382115037423984477e-02
1.384568809823640174e-02
1.385455809047300875e-02
1.386111471724497599e-02
1.386370446400440881e-02
1.386704747017173354e-02
1.387651427926964512e-02
1.388520635793304321e-02
1.388574949711856438e-02
1.389248273419904992e-02
1.390184577019865086e-02
1.390694412529763606e-02
1.393006250712806350e-02
1.394073887083641106e-02
1.394597211483673653e-02
1.394632425230375554e-02
1.394716748280089638e-02
1.394952178477618272e-02
1.397035567867383962e-02
1.397930422966942206e-02
1.397934108406475619e-02
1.401960325781467613e-02
1.402144457332293870e-02
1.402784913423610336e-02
1.403022828013429125e-02
1.404783602901512468e-02
1.405552925838004022e-02
1.405831080270734251e-02
1.407307664345303425e-02
1.408649387436192515e-02
1.410108039667531780e-02
1.410336912911199121e-02
1.410890278668574561e-02
1.411074735087785616e-02
1.411554381924540885e-02
1.413163470320307098e-02
1.414738260565113689e-02
1.415342594010392946e-02
1.417887751834112295e-02
1.419903007640181854e-02
1.420149971500897675e-02
1.420406928331230390e-02
1.423068340567282264e-02
1.424244308467422990e-02
1.425159887456107534e-02
1.426207025315798238e-02
1.426860775072646796e-02
1.427453378837941801e-02
1.431781575019274583e-02
1.432531333301769426e-02
1.434463559890863070e-02
1.437885742357564341e-02
1.437953799404505587e-02
1.438746341853355468e-02
1.439763446970631321e-02
1.441882299039524452e-02
1.442334920690250925e-02
1.443330616840258866e-02
1.443579926082021181e-02
1.443631281098623799e-02
1.444625281479175981e-02
1.444699925513428032e-02
1.444996405694346647e-02
1.445808602973620502e-02
1.448920041070780179e-02
1.449363246552693406e-02
1.449769575093452258e-02
1.450332152354225600e-02
1.450338558075968225e-02
1.450542442117947785e-02
1.450874080342104758e-02
1.451410586610154402e-02
1.451899205653183443e-02
1.452821926633743148e-02
1.459138617160926459e-02
1.464207051663500396e-02
1.464603846699896392e-02
1.464818649855332243e-02
1.465881691335913818e-02
1.467729462899103679e-02
1.468282861712091186e-02
1.468578226647620187e-02
1.468920954638666676e-02
1.469163976823130956e-02
1.470587340769382960e-02
1.470600522873681017e-02
1.470868986162333046e-02
1.471856664057616046e-02
1.472593982518629122e-02
1.472933431368476410e-02
1.473201594215429490e-02
1.473380363212050542e-02
1.473515462663126975e-02
1.475915384121965351e-02
1.477062773342520570e-02
1.478250352534216626e-02
1.482382379096560017e-02
1.483995193696591684e-02
1.485599473532094560e-02
1.486945490147237488e-02
1.487224461159918423e-02
1.487646937338039758e-02
1.487866695827976156e-02
1.489021649179559682e-02
1.489391241231639157e-02
1.489510265685041641e-02
1.491141221043978254e-02
1.492534377740248157e-02
1.493041003563426797e-02
1.496019726226787208e-02
1.497851820561524328e-02
1.499831500667677016e-02
1.500993827944408637e-02
1.501079089823597647e-02
1.502186792259572329e-02
1.503048533120563898e-02
1.505055787755286978e-02
1.505059494372827308e-02
1.506880066914867942e-02
1.509434514649930954e-02
1.511089055533439834e-02
1.512356047238974481e-02
1.512974198215828910e-02
1.513138644988428101e-02
1.515831610434818788e-02
1.516359008368461415e-02
1.518686545190100178e-02
1.519979150558427999e-02
1.520383323744622754e-02
1.522566687817707501e-02
1.524969890940386895e-02
1.526596580086643680e-02
1.530167104787867605e-02
1.531528274276609987e-02
1.531949992419885144e-02
1.533413178903512801e-02
1.534055165545258718e-02
1.534989616111659405e-02
1.535214477911132740e-02
1.535839733382894992e-02
1.536687509849241420e-02
1.537209438541544543e-02
1.537648283908588272e-02
1.539122331443333429e-02
1.539129188677462734e-02
1.540343133327861519e-02
1.544186403837716562e-02
1.546499052225773149e-02
1.550269979310600621e-02
1.551173243532391610e-02
1.554355777673352770e-02
1.555304423621539645e-02
1.555435570847427985e-02
1.557909894912916891e-02
1.558860838694642141e-02
1.559927458562014070e-02
1.560687354227160636e-02
1.561929889617988745e-02
1.562195028624218350e-02
1.563809112263758738e-02
1.565062136873322102e-02
1.566487168441990999e-02
1.570501364183121001e-02
1.570527034024603308e-02
1.572484368799760210e-02
1.573400270227215403e-02
1.575485486342128802e-02
1.576050597907409020e-02
1.577238873976830047e-02
1.577349088133399996e-02
1.579139629607463971e-02
1.581503980947044155e-02
1.585657524360498116e-02
1.586535284343885271e-02
1.586557365694185595e-02
1.587175782588368805e-02
1.587548385533819537e-02
1.590611529276953970e-02
1.593189705167933484e-02
1.595532004688974409e-02
1.595558427806831325e-02
1.595592573446867266e-02
1.596056037427724672e-02
1.597685354313372122e-02
1.598482846022514572e-02
1.599540069449769883e-02
1.600312668683798872e-02
1.600560001043136935e-02
1.602722986966695698e-02
1.603226951609657697e-02
1.606526989194117724e-02
1.607815904338047441e-02
1.608168284193550734e-02
1.608647089092675800e-02
1.610681352875902028e-02
1.611171019594996590e-02
1.613933857357529450e-02
1.614505578860738616e-02
1.615045478692725758e-02
1.616432212416258132e-02
1.616942270634134926e-02
1.616981804741792622e-02
1.617865686574094727e-02
1.619133949983142182e-02
1.619220340926032231e-02
1.619998150506517590e-02
1.621386281489721123e-02
1.622938640673556379e-02
1.623284040802671149e-02
1.625226546486435372e-02
1.625504589853475623e-02
1.627629806072653298e-02
1.629962777572762506e-02
1.631092270639350125e-02
1.639350987999583717e-02
1.639428183578051090e-02
1.644120518447579615e-02
1.644766918181107818e-02
1.644909764227541968e-02
1.648527217810931769e-02
1.648644453306003996e-02
1.650563719476364280e-02
1.651275092484688276e-02
1.652702735046904237e-02
1.653791642232599335e-02
1.654350632368468618e-02
1.654940111219172297e-02
1.656766303199059057e-02
1.658021144537671909e-02
1.663407797266405752e-02
1.663464079487363481e-02
1.664125991168134353e-02
1.665722308613367536e-02
1.666036711773989654e-02
1.666200476494950761e-02
1.667706770496282798e-02
1.669882624038605476e-02
1.669919715523738440e-02
1.670013523535865407e-02
1.670977553895302420e-02
1.673248551145976870e-02
1.673698843759918731e-02
1.677387169101308972e-02
1.678427000684219392e-02
1.679191752683149505e-02
1.679272273669557558e-02
1.681629099178438488e-02
1.681823534945671439e-02
1.682010297177663483e-02
1.682041446040559787e-02
1.683280336770805879e-02
1.684836622174453249e-02
1.685931450099699414e-02
1.688608661732676069e-02
1.690581090781828957e-02
1.695049288328794382e-02
1.695278215171241651e-02
1.696855826155633726e-02
1.697604243906839644e-02
1.701436780609245220e-02
1.701912228721603679e-02
1.703509481990221619e-02
1.703676875887346134e-02
1.704703249395711495e-02
1.705467856766571325e-02
1.706692402192912239e-02
1.707701363582468657e-02
1.712687306600772091e-02
1.713084224669571970e-02
1.714201545094283866e-02
1.716955319966965987e-02
1.717159974511739060e-02
1.718437086105427045e-02
1.718987566384981222e-02
1.720264841396692071e-02
1.720485545128381741e-02
1.720890664541192827e-02
1.722476359557969031e-02
1.725967963100707298e-02
1.726128084362456641e-02
1.726974430603542277e-02
1.727762042242595927e-02
1.727931680345153043e-02
1.729520217024005380e-02
1.732331085598982912e-02
1.734180230743750592e-02
1.738394332576439355e-02
1.738579052629221286e-02
1.738769258840523746e-02
1.739082847939154783e-02
1.744693091558947515e-02
1.748828719554422484e-02
1.752461243491862386e-02
1.754136839505419238e-02
1.757882281986812914e-02
1.758299435667912136e-02
1.760601049502655974e-02
1.762270676411767725e-02
1.763741709935055108e-02
1.764225002789314781e-02
1.764591851769049813e-02
1.765619189362091848e-02
1.766835023414600400e-02
1.766870415893954244e-02
1.767177704093267701e-02
1.768148959400188056e-02
1.769272664071644754e-02
1.770196770789003032e-02
1.771425247677907433e-02
1.771674084496812143e-02
1.773403725651642379e-02
1.776481632005631056e-02
1.776734573843717635e-02
1.777642648193459435e-02
1.777898357289224227e-02
1.780272068150816692e-02
1.784605526162483247e-02
1.785186601442881674e-02
1.785415423825108608e-02
1.788123243542019680e-02
1.788378337538718346e-02
1.788704117647204467e-02
1.791340105783914560e-02
1.793957317248496414e-02
1.793988168641462433e-02
1.796638860043012903e-02
1.798515912650615334e-02
1.799424321758701789e-02
1.801007728459173840e-02
1.801065944580157799e-02
1.804890077096279674e-02
1.805254354208135625e-02
1.805677083986037892e-02
1.810532834186606710e-02
1.811519231963051868e-02
1.811617886351863174e-02
1.815036073396795319e-02
1.815912185901327400e-02
1.817925869861667862e-02
1.817988848351357808e-02
1.818782977283279687e-02
1.819302117162420462e-02
1.820864116679239003e-02
1.821305318132910092e-02
1.821843812924504868e-02
1.823011685747687877e-02
1.824192688319160871e-02
1.824208084463494264e-02
1.825906615689358234e-02
1.828393946921519700e-02
1.828413578939703035e-02
1.828709455002979975e-02
1.832107316653428658e-02
1.833624804377170792e-02
1.834342908509568187e-02
1.834449967390639272e-02
1.835321324243930491e-02
1.835582536193164360e-02
1.840038456572492750e-02
1.847932239000959001e-02
1.851007714179161989e-02
1.851705339108511775e-02
1.854298674513559300e-02
1.856104116208150134e-02
1.856811372146409400e-02
1.859177798948638896e-02
1.865828268107216914e-02
1.867879179733130529e-02
1.869522220536882356e-02
1.870629529384603210e-02
1.871427386100284196e-02
1.872434390457708778e-02
1.873118773120532876e-02
1.876418404321877204e-02
1.876662698299282062e-02
1.879092826208560510e-02
1.879783261450639412e-02
1.880174625995378532e-02
1.881192360591289747e-02
1.882825669722441170e-02
1.883950739877618408e-02
1.885894718091886413e-02
1.887623417300773876e-02
1.887702356123983558e-02
1.890312712365465470e-02
1.894698317298073448e-02
1.895698283096758016e-02
1.896366745350098679e-02
1.900402030467254755e-02
1.904846151619923877e-02
1.911533326831623553e-02
1.916345641537631900e-02
1.916730971279972592e-02
1.917144371563343427e-02
1.922066782465757517e-02
1.923409993535240767e-02
1.924770811265084924e-02
1.925251797296506640e-02
1.927343654218952387e-02
1.928390688474050652e-02
1.929296929831217366e-02
1.929898612634493860e-02
1.929923709993159112e-02
1.930134183953951740e-02
1.932326278656325280e-02
1.933222570666108531e-02
1.933699797222161385e-02
1.933792797330065663e-02
1.934106060155993401e-02
1.936900641434041032e-02
1.937103400551070179e-02
1.937542202773621242e-02
1.939628050122831765e-02
1.939935981875374332e-02
1.941039593291513446e-02
1.941984230315827939e-02
1.943698420896104381e-02
1.946327663022635879e-02
1.949648399431912552e-02
1.953600427417908833e-02
1.955748135886927960e-02
1.958748812746149287e-02
1.962895631911357880e-02
1.964064964808173719e-02
1.964881402088196338e-02
1.974064422291656185e-02
1.974389695237686523e-02
1.977973315612238658e-02
1.978229212691800035e-02
1.980441145482770768e-02
1.986713577885611606e-02
1.987020817782501544e-02
1.988273130602890085e-02
1.994512493195614924e-02
2.006023587367377486e-02
2.008735619502617989e-02
2.009864841289629722e-02
2.010429846472320398e-02
2.012710589961373003e-02
2.013637852185148208e-02
2.013852542728384112e-02
2.014016271793508603e-02
2.014139034481001941e-02
2.014585702008149168e-02
2.014836027809703556e-02
2.016922394404687194e-02
2.017095180782974354e-02
2.017444947093383067e-02
2.020516570121029878e-02
2.021612303143472886e-02
2.024234709784748440e-02
2.025014040079983063e-02
2.025410525005812146e-02
2.025537179873664051e-02
2.026788423012326062e-02
2.029817369437527524e-02
2.032086730844951533e-02
2.032649235737005872e-02
2.039441944276227173e-02
2.041851217251836742e-02
2.042810828250072458e-02
2.042971450235678971e-02
2.043975679452433858e-02
2.048967709017000816e-02
2.049306651885663549e-02
2.051254253977469882e-02
2.051337309510037690e-02
2.052539463628149513e-02
2.052678358203331721e-02
2.054460470711712630e-02
2.060697163877813279e-02
2.061015031719435481e-02
2.069793889438759776e-02
2.070555655978728246e-02
2.072711099602605675e-02
2.073970576420371484e-02
2.076956040136013551e-02
2.078034420740270186e-02
2.080639449053707166e-02
2.084300821145402410e-02
2.084385252898847754e-02
2.085722443412969460e-02
2.091250013786037643e-02
2.092790673446525557e-02
2.094344065773384028e-02
2.096528980927995015e-02
2.097722834756257301e-02
2.099558807421197937e-02
2.101061561087872939e-02
2.102136726431734839e-02
2.106591972260091900e-02
2.106968180819254396e-02
2.108095703002082349e-02
2.108365199067227871e-02
2.110815155236402119e-02
2.111418108181688930e-02
2.114189040093927482e-02
2.115420972651168435e-02
2.116360358907613815e-02
2.121821535873213288e-02
2.124687402082027152e-02
2.125652787031808572e-02
2.126505076978952441e-02
2.136564289054246335e-02
2.137579476075339782e-02
2.137919572821474212e-02
2.138144102223374365e-02
2.138957344326258142e-02
2.139361524274865228e-02
2.141282341344971640e-02
2.142234499081960286e-02
2.149054206064913292e-02
2.151279006565963436e-02
2.159040263286901920e-02
2.161003154401200041e-02
2.161555692941847032e-02
2.162192646066587662e-02
2.162892772367719027e-02
2.163645312913501859e-02
2.166487899306404966e-02
2.169844185186064339e-02
2.173661902797597092e-02
2.174516787315020419e-02
2.175118454353878322e-02
2.178994794942740870e-02
2.190338682256398606e-02
2.191374308206317859e-02
2.195650195395942861e-02
2.196209693284777859e-02
2.197304486000928661e-02
2.200666130180582020e-02
2.202639206308616704e-02
2.203989897292741446e-02
2.204286594904795310e-02
2.204547592351705637e-02
2.208476546649164665e-02
2.208875839316943798e-02
2.216313596132327840e-02
2.219564289756966943e-02
2.220555227708890036e-02
2.228291928008876641e-02
2.229494154987575472e-02
2.236876842792222611e-02
2.237310190382387626e-02
2.239618585243980872e-02
2.241029468830933041e-02
2.246711129393157147e-02
2.249165133993426269e-02
2.249428172962348108e-02
2.249807379329211640e-02
2.251475935861580249e-02
2.254650760860982261e-02
2.255501037154430607e-02
2.255731635628864529e-02
2.256193220415772527e-02
2.256387697873781309e-02
2.257572334570012024e-02
2.262621417117290090e-02
2.264189902774447344e-02
2.264972970050642756e-02
2.265019387186354913e-02
2.265684379307911916e-02
2.272049892010031408e-02
2.273852463177212027e-02
2.276343803088643619e-02
2.284957722023198828e-02
2.290360053820247530e-02
2.295079403583091121e-02
2.299347944573356187e-02
2.302740654228848174e-02
2.302877430588832347e-02
2.306990904435830131e-02
2.309043233530119754e-02
2.312230416256608190e-02
2.313364967263289301e-02
2.314711214906687436e-02
2.314723367970912549e-02
2.315276878488079296e-02
2.315769955632606195e-02
2.323934567151797123e-02
2.324535102589601887e-02
2.324907982298889814e-02
2.326022517699732201e-02
2.327607699116337331e-02
2.329221875719309637e-02
2.331417998141618181e-02
2.331694759411283638e-02
2.333351020546549359e-02
2.335303572407404493e-02
2.336068463212468208e-02
2.336562407514673062e-02
2.341534605402061098e-02
2.344859340396283909e-02
2.348828641491103666e-02
2.349930530569092207e-02
2.352166466253196794e-02
2.352355961357040920e-02
2.357911175018793243e-02
2.360779353771769520e-02
2.363280119962414896e-02
2.364328678524475064e-02
2.365106386297159344e-02
2.368584353690769695e-02
2.375501875239893756e-02
2.376214633049079580e-02
2.377577169505436933e-02
2.381065781197063205e-02
2.382810937748619171e-02
2.385761065386798191e-02
2.392569048205544016e-02
2.395411846488250396e-02
2.398200188585247750e-02
2.398423044785781555e-02
2.404275864981549396e-02
2.407878273410764616e-02
2.415691432466434904e-02
2.417845812493401095e-02
2.424599198196899022e-02
2.429151291658048287e-02
2.434935631886711929e-02
2.438218420983175733e-02
2.438791732568965781e-02
2.439732398167708191e-02
2.440465565400075712e-02
2.453606674984479610e-02
2.454633148865112413e-02
2.454761909573764667e-02
2.457738630072723793e-02
2.458937677592960835e-02
2.463080472730935777e-02
2.465687889674061245e-02
2.468373175574138309e-02
2.471800862210268845e-02
2.471806523301454603e-02
2.472817972369740006e-02
2.473989096923997696e-02
2.479397856546400325e-02
2.485883620005302844e-02
2.487369053461154292e-02
2.489629404897845261e-02
2.491039179022133329e-02
2.496652782675517698e-02
2.501360731884405553e-02
2.505053071543151058e-02
2.506398264729253061e-02
2.524797634200625154e-02
2.533901920552793230e-02
2.534241215457562479e-02
2.534302334074558377e-02
2.535398476362119013e-02
2.541899788394448231e-02
2.545416335769860872e-02
2.545861264934597482e-02
2.555625004242560033e-02
2.556835159321120543e-02
2.559522193849415525e-02
2.561527833048955413e-02
2.569695830773223791e-02
2.578614279541551965e-02
2.583836744724639714e-02
2.583947044397083906e-02
2.588535341599833284e-02
2.595756207502007695e-02
2.600905217897118288e-02
2.604926194785439977e-02
2.607706800923917725e-02
2.610171055525201816e-02
2.611406553914241702e-02
2.615052173391804388e-02
2.615423184349635610e-02
2.624523761120881385e-02
2.633858539954930453e-02
2.636699012873424883e-02
2.637409561110032677e-02
2.640047827430564223e-02
2.649027471036196485e-02
2.659710764623628154e-02
2.665424584554313553e-02
2.665627513601979970e-02
2.666432980645747769e-02
2.678279420709054476e-02
2.694233153713063850e-02
2.698587148091690507e-02
2.708180072087093895e-02
2.708254905771834836e-02
2.713261873004204489e-02
2.723812536777492008e-02
2.730227265649839280e-02
2.730525092697459397e-02
2.740120363087729730e-02
2.740917800760760137e-02
2.741867687583065399e-02
2.742077559964073083e-02
2.747311460502568914e-02
2.749274747450459674e-02
2.756967995022928733e-02
2.760177994187076184e-02
2.760777241915641361e-02
2.762071935320264959e-02
2.767752435902885028e-02
2.771770608083447621e-02
2.782503420350360135e-02
2.806099500266727442e-02
2.808638841668872552e-02
2.824443404024271423e-02
2.828468814781034957e-02
2.841118705900291114e-02
2.841856498861430186e-02
2.843299676406638860e-02
2.844179511153215045e-02
2.847429982630777720e-02
2.848825810530509692e-02
2.855263623111239241e-02
2.858443813184273138e-02
2.862873762573752215e-02
2.863375456984853379e-02
2.886740740374105912e-02
2.901380691767820388e-02
2.917008519202397149e-02
2.941692774035286825e-02
2.942905067667441615e-02
2.945589923255829620e-02
2.949226678350972547e-02
2.951586344840264123e-02
2.953367556160561846e-02
3.008599294563259891e-02
3.009383812159608512e-02
3.012903835746027353e-02
3.014938735028799971e-02
3.018330717758087658e-02
3.020065541283176863e-02
3.021715156974174796e-02
3.029136955320162194e-02
3.058773956457459114e-02
3.092112032252947521e-02
3.112868879184653090e-02
3.114189742105264586e-02
3.120536813677000573e-02
3.146583549819192971e-02
3.167241932003930782e-02
3.175696122259923787e-02
3.185541569752883134e-02
3.189743838769130979e-02
3.197752918379045961e-02
3.199100413851323904e-02
3.205888578137351674e-02
3.208653502734785945e-02
3.218853705380482488e-02
3.224501081665302055e-02
3.231129793205508166e-02
3.235952783444848158e-02
3.238522026111226998e-02
3.279271188364008688e-02
3.305913803113209176e-02
3.318371724583588089e-02
3.347981235536760802e-02
3.352760187891550697e-02
3.377955977721465441e-02
3.390011529685579145e-02
3.396407999538128553e-02
3.431171989579984843e-02
3.436905094112039510e-02
3.441411595867494011e-02
3.454418903282862469e-02
3.458149447790494213e-02
3.478383001080724568e-02
3.480472654199327082e-02
3.492808922535639571e-02
3.509919345742570918e-02
3.512771882696895387e-02
3.517705690974576999e-02
3.533310553397293885e-02
3.534458695807952966e-02
3.542197851194286984e-02
3.596004890595027453e-02
3.605327011488828476e-02
3.606795035217635198e-02
3.613325679035117588e-02
3.629363452556708114e-02
3.658648555695812737e-02
3.664138106307646831e-02
3.667443180212899556e-02
3.682682535814597174e-02
3.696592090968130184e-02
3.704604260794232967e-02
3.706156948918738758e-02
3.743965720404913294e-02
3.761307655304534092e-02
3.770964883578640375e-02
3.784354741756765922e-02
3.812583449397072971e-02
3.830662129822802464e-02
3.849483314156421088e-02
3.924551552562162426e-02
3.982465505999260857e-02
4.003671458765054036e-02
4.066178548893106814e-02
4.067128937189157939e-02
4.128700285781451013e-02
4.130160237157050329e-02
4.222415644998346596e-02
4.376765761664246773e-02
4.425489490384636182e-02
4.492677069858345973e-02
4.612653876743753184e-02
4.701625296377326402e-02
4.857606326053286877e-02
5.027079039389832638e-02
5.248114255507622949e-02
5.460570295120569656e-02
5.786628041542382639e-02
6.133033611570407051e-02
