6.872984089915538074e-03
7.007427828207134918e-03
7.075803200737242234e-03
7.136533676254313424e-03
7.310666607043637966e-03
7.312099140774228935e-03
7.322532227064295837e-03
7.345085250576808764e-03
7.363714911020338531e-03
7.561320130798350296e-03
7.586565325234021114e-03
7.645054146074022755e-03
7.679217397202234112e-03
7.780359073987824260e-03
7.803314303254056845e-03
7.844357233167278606e-03
7.946569310169505213e-03
8.012487261814658923e-03
8.030243645677856076e-03
8.098733602101178264e-03
8.137659290498651388e-03
8.183257901101604129e-03
8.185138367866072462e-03
8.249758628339860442e-03
8.260185782189767567e-03
8.280380765094089157e-03
8.292509229722404285e-03
8.304299750591782533e-03
8.368480155595575676e-03
8.369914721540526112e-03
8.488787193177948706e-03
8.490448342175105356e-03
8.523046888966824899e-03
8.560994018308417872e-03
8.571636353935610519e-03
8.574849167691840288e-03
8.600714334240210784e-03
8.656688510735342096e-03
8.680193992116646759e-03
8.712323733937838571e-03
8.714611404375308124e-03
8.743143119910598907e-03
8.747333129940582097e-03
8.748780277857528057e-03
8.814019821068150295e-03
8.886083931414824957e-03
8.919403070799454200e-03
8.935682096888344916e-03
8.964799707251414410e-03
9.037185931884905710e-03
9.047109218308209411e-03
9.048384146308648818e-03
9.049535396179383615e-03
9.052260825507486494e-03
9.059746780561388560e-03
9.067453073257555896e-03
9.067570968380140456e-03
9.099529954238830612e-03
9.122464765861331218e-03
9.180648414380565905e-03
9.223049858094556006e-03
9.233487081287603676e-03
9.239236796978512328e-03
9.264693493273960800e-03
9.265803986755714872e-03
9.271877327162758239e-03
9.273445808294263071e-03
9.282856245492384153e-03
9.291893162357451122e-03
9.324947295030373492e-03
9.348417978634452480e-03
9.361774645143783671e-03
9.372795774498312443e-03
9.374097201373910240e-03
9.378499917436625144e-03
9.380210669828983883e-03
9.383179399691519637e-03
9.390971244890114825e-03
9.406472559212765427e-03
9.412238645892832128e-03
9.434761902675602510e-03
9.440649259970478047e-03
9.452253709534228984e-03
9.452365757704821528e-03
9.465075215060405125e-03
9.481421541084798787e-03
9.483810944937361501e-03
9.488699941230468310e-03
9.506612811738710325e-03
9.524877000610661865e-03
9.536046097730137630e-03
9.541603577726190735e-03
9.542696212341130607e-03
9.559673037142201943e-03
9.573079609825171227e-03
9.579436636861247967e-03
9.589063824303583825e-03
9.606970181585334709e-03
9.611198990822829649e-03
9.633604664527109160e-03
9.647852822909433468e-03
9.658507851677827424e-03
9.678106495122480030e-03
9.692909440109248945e-03
9.698765393494297726e-03
9.765056566711893815e-03
9.767840625144569647e-03
9.776554469730925831e-03
9.805039606474172734e-03
9.824500788092011688e-03
9.838910989811757921e-03
9.847063948225563690e-03
9.869665144828849990e-03
9.880600629307694296e-03
9.883871284239812913e-03
9.885551314321592425e-03
9.888697452649516939e-03
9.896599349200502563e-03
9.908547028927310388e-03
9.917749722432886092e-03
9.943310871496593983e-03
9.943654545595790456e-03
9.957988315796788975e-03
9.959101319893587032e-03
9.959873345613774742e-03
9.959965308132489453e-03
9.971458508036715879e-03
9.972011004919657806e-03
9.983560548568741477e-03
1.000229682544598667e-02
1.002395507321643918e-02
1.002440290848748659e-02
1.002893907005757319e-02
1.003168633573878199e-02
1.003221043970220841e-02
1.003751866373938685e-02
1.004122658701732049e-02
1.005936724969103482e-02
1.007572497513999597e-02
1.007876991237688716e-02
1.009127718212197468e-02
1.010422318850157097e-02
1.010828306080409009e-02
1.010886190846132550e-02
1.011078661687615093e-02
1.014428710880775110e-02
1.014955430028697224e-02
1.015793184970696303e-02
1.016807860722929689e-02
1.022175008298300929e-02
1.022447426035484261e-02
1.022522173821396353e-02
1.023178341588856788e-02
1.023466808595047822e-02
1.024401796048596616e-02
1.024946129199316019e-02
1.027231820812985613e-02
1.027251636900376741e-02
1.027800527447384447e-02
1.030584277504728065e-02
1.032756393962179151e-02
1.034583651953549163e-02
1.035664076539819303e-02
1.041714783741209613e-02
1.042028943707434124e-02
1.043813120844756977e-02
1.043860333915570121e-02
1.043885843891359522e-02
1.044219997796405446e-02
1.044228693784973565e-02
1.044661992852664520e-02
1.045283643141147085e-02
1.045294862061021263e-02
1.045458309515897785e-02
1.045990020176481780e-02
1.047350606076204518e-02
1.050345672666889302e-02
1.050386785297391205e-02
1.050522257610380164e-02
1.051109715032005204e-02
1.054668523785010949e-02
1.055436004645863429e-02
1.057530405778673438e-02
1.059131000119327252e-02
1.060531780745002997e-02
1.061969257256845794e-02
1.063904622839434953e-02
1.065033310525838502e-02
1.069466829157245807e-02
1.070218856415523258e-02
1.071182529478988815e-02
1.071375375926741230e-02
1.071433363218681975e-02
1.072213271885693285e-02
1.073130070454897736e-02
1.074051964252888819e-02
1.074104673055367200e-02
1.075188725917404498e-02
1.075334325248824066e-02
1.075983572924438594e-02
1.076045103419670176e-02
1.076082840437504219e-02
1.079571389959852259e-02
1.080371298416171223e-02
1.080869836315587716e-02
1.081015810931202845e-02
1.081327269035032602e-02
1.081361037960438740e-02
1.081936267113698530e-02
1.083333230109712920e-02
1.083411647405891493e-02
1.083939869206267288e-02
1.084371591961844072e-02
1.084601589949683517e-02
1.084644516854326585e-02
1.085323903852027441e-02
1.088204939328372457e-02
1.088877792223355220e-02
1.091064672000655565e-02
1.092117665531792264e-02
1.093337819768116885e-02
1.093667151852077690e-02
1.093784330153260188e-02
1.094098204289024878e-02
1.094791316730877630e-02
1.095446340003093828e-02
1.097236044534626552e-02
1.097363524745955353e-02
1.097708484853785089e-02
1.098505056529660434e-02
1.098597765583072920e-02
1.098659368287095706e-02
1.099863533918363223e-02
1.100337756708825478e-02
1.101823862163209614e-02
1.102055429236569080e-02
1.103649337607477687e-02
1.104342614149373368e-02
1.104729580978285053e-02
1.105161552480609169e-02
1.106016552403762086e-02
1.106574137864983418e-02
1.109257962890834899e-02
1.109598968505125932e-02
1.109792209937359234e-02
1.110741403355286136e-02
1.111754146343276080e-02
1.111784374064241944e-02
1.112528068014789762e-02
1.112546424727760101e-02
1.115698343758507807e-02
1.116397293189933838e-02
1.117012662291368315e-02
1.117425339175073806e-02
1.120785008701088992e-02
1.122571622652840731e-02
1.123134551676775207e-02
1.126057905801158485e-02
1.126992974785850400e-02
1.127599912015564594e-02
1.128598076745350974e-02
1.129761775542814477e-02
1.130147504194223274e-02
1.130319757803281006e-02
1.131491114784163345e-02
1.131738293999515893e-02
1.132330666485485519e-02
1.133158634369435536e-02
1.133672394399696387e-02
1.134627462403860372e-02
1.135432749900337768e-02
1.135495210782336284e-02
1.137492425992949960e-02
1.137880665919308552e-02
1.138045701303404961e-02
1.138323549706256842e-02
1.140906869882305462e-02
1.142036447559498930e-02
1.143613491820584006e-02
1.144746104856381522e-02
1.146589449964693572e-02
1.147415626194070622e-02
1.148307441951015688e-02
1.148382110000218184e-02
1.148650593812144613e-02
1.148834804756599347e-02
1.150347123282098420e-02
1.150559948695733213e-02
1.151237533923153179e-02
1.152431022698828349e-02
1.152611486236616335e-02
1.153034662416936584e-02
1.155663873822123169e-02
1.158445596405290740e-02
1.159165321938488563e-02
1.159621401518362745e-02
1.160244648717348101e-02
1.161074158972776743e-02
1.161502328003445432e-02
1.162453647665504484e-02
1.163787101230071529e-02
1.163838514534708789e-02
1.163952668839930357e-02
1.165163070692018521e-02
1.166057280099562499e-02
1.166221921815187301e-02
1.166815160561795843e-02
1.166925441991578660e-02
1.168129760724226883e-02
1.168609758254418769e-02
1.169082591521937269e-02
1.169301051319916046e-02
1.169882318535631766e-02
1.170145309400893313e-02
1.171397554030387603e-02
1.173124970041002774e-02
1.174383415528733668e-02
1.176764479920265789e-02
1.180066282327857374e-02
1.182133613731898604e-02
1.182468683982091165e-02
1.182537828430337695e-02
1.182992284569907467e-02
1.183190387188674982e-02
1.183619642740043124e-02
1.183785669891974576e-02
1.184960221094302595e-02
1.186699425887975841e-02
1.187960848741833990e-02
1.188266263098878422e-02
1.188410418449183450e-02
1.189310031035028907e-02
1.190525653983056514e-02
1.191069815701667652e-02
1.191174142127584233e-02
1.191483019242603816e-02
1.192304192843568478e-02
1.192717948735324413e-02
1.193833343820694011e-02
1.194432865636816006e-02
1.197965204704312843e-02
1.198427269947562740e-02
1.200386143656000451e-02
1.201138093722421175e-02
1.203147921537934921e-02
1.203566534998869349e-02
1.207846216061738386e-02
1.208176229741293392e-02
1.208463328967224366e-02
1.210656207987638108e-02
1.211076832508384098e-02
1.211352837926215655e-02
1.213597392819768840e-02
1.213599829463714308e-02
1.213877769960497108e-02
1.214309926440573784e-02
1.214897977144063952e-02
1.216716096567434409e-02
1.217458521814608965e-02
1.219916264626327677e-02
1.221693386078094232e-02
1.221761050029939247e-02
1.222282020535270068e-02
1.222597694772905100e-02
1.223791282472999793e-02
1.224775124454883374e-02
1.226325771075974583e-02
1.226551957749947956e-02
1.228006132680374562e-02
1.228560453952117805e-02
1.228984690954488916e-02
1.232330570001019705e-02
1.236074980476827186e-02
1.236247958002966926e-02
1.236517795629756174e-02
1.237348661652126758e-02
1.237522704091140180e-02
1.238412017157676515e-02
1.240367112899695701e-02
1.243268994035107156e-02
1.244461367934815432e-02
1.244649839475573533e-02
1.244830808449558929e-02
1.245146828706966864e-02
1.245375972310559451e-02
1.246852023089840139e-02
1.249945581664728758e-02
1.251884798025318206e-02
1.251942410210903599e-02
1.253813263945837211e-02
1.254815074747574026e-02
1.258273102059673763e-02
1.258396157207127691e-02
1.259663246722805136e-02
1.260072341885985422e-02
1.262081497798031408e-02
1.264194412242742108e-02
1.264458099723237902e-02
1.265393611869179528e-02
1.266263909311623331e-02
1.266659680101583051e-02
1.267264192378235628e-02
1.270972102580996896e-02
1.271113657054238726e-02
1.272171667780855331e-02
1.272455445328747256e-02
1.275389935048304099e-02
1.275815235670822896e-02
1.276369499276277554e-02
1.276456508671323584e-02
1.278541496552121348e-02
1.279061165480456161e-02
1.279455169368221359e-02
1.282077194707257652e-02
1.285136668251152768e-02
1.287937699707460658e-02
1.288213478331598494e-02
1.289029166298050894e-02
1.289839366067693782e-02
1.290067119027286241e-02
1.291400961120447652e-02
1.292232638438514832e-02
1.292586599748360605e-02
1.292789131058792208e-02
1.293739534714372780e-02
1.293951110447329189e-02
1.295087191633597680e-02
1.295362216453194854e-02
1.295951215233971839e-02
1.296387824510534907e-02
1.298904103796254261e-02
1.299081788207815183e-02
1.303248292225729285e-02
1.303978430155750337e-02
1.304073552183065803e-02
1.304073768619968404e-02
1.304957539217900184e-02
1.305882655262828596e-02
1.306280834854689661e-02
1.306772942745521027e-02
1.309074002505439781e-02
1.309093997129739777e-02
1.309345034484594821e-02
1.311285414705910639e-02
1.312001087813062343e-02
1.312421083499722835e-02
1.312692607570830651e-02
1.313795340308071720e-02
1.314501955791875544e-02
1.315234852294813912e-02
1.315297036211375038e-02
1.315340073453342799e-02
1.316000631228271545e-02
1.318498960974663105e-02
1.318606008051451638e-02
1.319413871482058229e-02
1.319462012164034428e-02
1.319703269725518331e-02
1.321467640833607314e-02
1.322237562202997416e-02
1.323817637515001949e-02
1.326623503114258973e-02
1.327039751856385306e-02
1.327323426551433282e-02
1.328062307504388785e-02
1.328482383306040827e-02
1.329969327957434937e-02
1.331083129327052458e-02
1.333053874873196994e-02
1.334244627579234468e-02
1.334467339120261331e-02
1.337448664914421027e-02
1.337537855764477264e-02
1.338989048383720792e-02
1.340194258624410883e-02
1.340230467389874267e-02
1.340712526632050795e-02
1.342731718858794672e-02
1.343095311857049438e-02
1.343298181906673640e-02
1.343379264711168537e-02
1.347210252623088841e-02
1.347414485595215157e-02
1.348025138261993612e-02
1.349882410955028852e-02
1.350962136677223008e-02
1.352444395666270623e-02
1.353943801851152651e-02
1.354901100673522839e-02
1.355203863456797171e-02
1.356543383502375848e-02
1.358291531882654252e-02
1.358746668092866358e-02
1.360103929733523509e-02
1.360124205096727677e-02
1.361450218632019246e-02
1.363067678197843989e-02
1.363520248501454320e-02
1.364151106919140113e-02
1.364436634288884731e-02
1.365329464039239347e-02
1.366629609470881683e-02
1.368092027843706947e-02
1.368449461778927650e-02
1.369056108947866099e-02
1.369072180600707650e-02
1.369552930543546480e-02
1.369979708509534710e-02
1.370186736640584442e-02
1.371611606103582612e-02
1.371705472482684721e-02
1.373157424772664982e-02
1.374402769971935258e-02
1.374589580986744497e-02
1.374679834670929253e-02
1.375363235285288581e-02
1.377432339499630974e-02
1.378823497868622919e-02
1.379167958862406729e-02
1.379714840394258811e-02
1.379803630748889683e-02
1.380558843027662047e-02
1.382936687671055750e-02
1.386387176982722784e-02
1.387017579914841432e-02
1.387331968688113211e-02
1.388233409306227802e-02
1.389899656135132160e-02
1.390600726977064307e-02
1.391808026496772766e-02
1.391975359242554784e-02
1.392114035681308280e-02
1.393128580221508241e-02
1.393435275999292504e-02
1.394731710280560331e-02
1.398211785602290758e-02
1.398814617617071508e-02
1.399295282327906072e-02
1.400289176625458924e-02
1.402492107112875315e-02
1.402895093911214926e-02
1.403410053841633483e-02
1.404060639722050190e-02
1.405861386451348269e-02
1.408424678088902871e-02
1.409140210965269951e-02
1.409683552297767012e-02
1.409919579969880210e-02
1.410904829693924133e-02
1.411689955686755427e-02
1.412002355674900171e-02
1.412564406842902257e-02
1.413521613322657466e-02
1.414071894818679127e-02
1.414526939315457858e-02
1.414580256501144981e-02
1.416548565543468072e-02
1.416593144148621010e-02
1.418455555441758623e-02
1.418826899157228823e-02
1.419564742460515533e-02
1.420778588151748630e-02
1.421550910992192343e-02
1.421704776912930193e-02
1.422309185173030455e-02
1.427232530358706064e-02
1.427859830230930605e-02
1.428162008220065608e-02
1.428744932020257694e-02
1.429608453535034969e-02
1.429829871172444249e-02
1.437221808037367383e-02
1.437288657278932603e-02
1.437763937715274762e-02
1.439772051765671017e-02
1.440364325390658222e-02
1.442005423718248878e-02
1.444143883859767309e-02
1.445686569522225580e-02
1.445846889580262168e-02
1.446549917386343725e-02
1.447406434543366954e-02
1.447536094046638667e-02
1.448448217266348238e-02
1.449225522754729774e-02
1.449921481445161711e-02
1.450291733195329356e-02
1.450938478201334314e-02
1.453467669511283519e-02
1.454358802937236878e-02
1.455569924827981518e-02
1.457414536844442617e-02
1.457472416489464899e-02
1.458504283973469789e-02
1.460849904465916921e-02
1.461687335745735783e-02
1.462403111988967372e-02
1.462553399963256208e-02
1.464432582485534866e-02
1.465161847042411973e-02
1.466061894510764692e-02
1.466630488163271628e-02
1.467315743913488561e-02
1.469034618027717162e-02
1.471270538856864381e-02
1.474223201276316994e-02
1.476289408432617141e-02
1.477226588678602626e-02
1.477840221768961584e-02
1.478139992694064292e-02
1.478588318145159994e-02
1.479590115212921220e-02
1.480243728696044661e-02
1.481096560310642303e-02
1.481682415831005184e-02
1.481744767841848380e-02
1.482880555409202446e-02
1.484440946028670397e-02
1.485260356177521210e-02
1.486649482119668797e-02
1.487461579083882053e-02
1.489644028360912094e-02
1.490483694490976445e-02
1.490634513773354472e-02
1.491575326730812216e-02
1.491682361438430651e-02
1.491904634165135135e-02
1.492034926906763738e-02
1.493910855362023775e-02
1.496222993473103613e-02
1.498625634247352338e-02
1.499513233130348767e-02
1.504204316425179593e-02
1.504615837898288025e-02
1.504802879654767653e-02
1.505174513876689213e-02
1.505442118540324843e-02
1.506407059871428013e-02
1.510787909969583953e-02
1.512159443212080651e-02
1.519182141261939990e-02
1.519504836262459968e-02
1.527052245991451090e-02
1.527931230589366432e-02
1.530300249409227535e-02
1.533453341058456376e-02
1.534937813772189845e-02
1.535283504085931117e-02
1.535608236498446286e-02
1.536445412199552614e-02
1.537031369404390918e-02
1.538170148466771504e-02
1.539174873747741097e-02
1.539976346213552810e-02
1.540337484136321614e-02
1.540528186825136474e-02
1.540869616518640052e-02
1.544312026285489352e-02
1.546313962808799555e-02
1.551831104256854235e-02
1.551908636227602480e-02
1.553455494020154065e-02
1.554744115485920918e-02
1.556421919102177198e-02
1.556657704133871181e-02
1.557245932224528978e-02
1.558398439463983334e-02
1.558903928416334114e-02
1.558945258003921995e-02
1.558974946162436544e-02
1.559647922390343389e-02
1.562904141752456330e-02
1.565012709280498224e-02
1.567002111924423180e-02
1.571013054814964643e-02
1.575824473377732821e-02
1.576852350311284956e-02
1.577257773075162878e-02
1.578214957617225800e-02
1.579899587112311085e-02
1.580797327131215277e-02
1.582250088756808476e-02
1.583017525398482811e-02
1.585637478521537830e-02
1.589928892347309067e-02
1.591142360515922574e-02
1.592180386343239676e-02
1.592951297831747548e-02
1.595587464042705697e-02
1.595934693498664639e-02
1.597228176333092414e-02
1.599637732378724267e-02
1.601400407958706099e-02
1.605077620083154508e-02
1.606516202014359948e-02
1.606550844176915863e-02
1.609451271161639260e-02
1.611272013071279874e-02
1.611677406878028740e-02
1.613819771502901512e-02
1.615826252359694321e-02
1.615971895822162357e-02
1.616192267457625467e-02
1.617465267873142987e-02
1.618323122837110259e-02
1.619678992620696145e-02
1.620207675416054580e-02
1.620843887544828540e-02
1.621588214369925132e-02
1.623703180674787930e-02
1.627562172288182091e-02
1.628032845085430197e-02
1.628208389628703345e-02
1.628613287538124843e-02
1.628729827749491460e-02
1.630712766523515628e-02
1.632255555931299770e-02
1.634237769911425428e-02
1.634737281554929020e-02
1.641854761918630154e-02
1.642883494052638921e-02
1.645016780760660824e-02
1.646685884158235677e-02
1.647382790544473993e-02
1.647932890075791412e-02
1.647964378152805970e-02
1.648481884885147353e-02
1.648798239278423741e-02
1.648940734489470067e-02
1.651169775201722853e-02
1.652119111715756941e-02
1.652446775985345201e-02
1.652552897557878903e-02
1.655156693919658528e-02
1.657415434787154820e-02
1.658231570212370318e-02
1.660046272366922857e-02
1.662856021177237451e-02
1.668230700696539739e-02
1.668649999230595316e-02
1.673819414939316935e-02
1.674426072071558830e-02
1.679626137288855667e-02
1.680744870590958687e-02
1.681432658515878004e-02
1.683164967811777782e-02
1.685264805071425356e-02
1.686191983673258205e-02
1.688253836885456743e-02
1.688508377639198060e-02
1.693191851172246368e-02
1.695614179289020931e-02
1.698327714885920076e-02
1.699177237570757490e-02
1.700047966992312976e-02
1.703936481641269568e-02
1.705291347937177085e-02
1.707933014555901990e-02
1.708949784449193335e-02
1.715339956330724086e-02
1.715773558756619049e-02
1.715808413472676847e-02
1.715831127204105189e-02
1.718002128899473457e-02
1.722788644673224276e-02
1.723078190254037634e-02
1.725054367455891927e-02
1.725136869765421174e-02
1.725971564828442800e-02
1.729398948514850043e-02
1.729528428683501859e-02
1.733555385966297976e-02
1.734080953399940936e-02
1.734428672426322274e-02
1.739918884062102017e-02
1.741381646615904055e-02
1.743065837018901304e-02
1.746302972534301279e-02
1.747439362823097891e-02
1.747990507554592066e-02
1.750847270337778025e-02
1.751504302682648645e-02
1.752853870512857334e-02
1.753109752986972691e-02
1.755942146707547419e-02
1.756946110430272073e-02
1.760511167002193345e-02
1.761588424425468077e-02
1.768752205192593296e-02
1.772276521577419509e-02
1.775556226986147249e-02
1.776537512590813106e-02
1.778170614689748158e-02
1.778974763563016814e-02
1.779270548322289813e-02
1.780088257780111996e-02
1.780836559683825898e-02
1.789737907175199469e-02
1.796170084950849885e-02
1.800085742982690876e-02
1.800936718281388391e-02
1.801121989004221893e-02
1.803541785616327719e-02
1.805066341538517222e-02
1.809572998414039555e-02
1.813343068734156807e-02
1.816046207590624878e-02
1.816190429497662948e-02
1.820583527630841719e-02
1.821002130233893498e-02
1.828728712172979914e-02
1.833940683650298401e-02
1.837583865669098829e-02
1.837589825964938348e-02
1.838882353718898979e-02
1.839545014066956349e-02
1.843491037682493811e-02
1.844310691954150275e-02
1.847315177815431197e-02
1.851532315205964632e-02
1.851610357624951589e-02
1.855492507973265093e-02
1.855551949043553889e-02
1.857717723218181571e-02
1.860200963125359375e-02
1.860678599730268210e-02
1.861044463473950084e-02
1.865251151748959987e-02
1.866828735158228628e-02
1.867160984803247631e-02
1.868939493401829827e-02
1.869069957408524621e-02
1.874072535520884819e-02
1.876166165598250335e-02
1.878151021213502608e-02
1.883413995129555943e-02
1.887692216837914480e-02
1.888710729808282945e-02
1.892932612857161495e-02
1.896146178209525898e-02
1.897680583361206069e-02
1.898066538897722616e-02
1.900671733258807103e-02
1.906876490099285171e-02
1.920117291304793139e-02
1.924985444220718434e-02
1.929971547154092290e-02
1.930774198743379425e-02
1.930964809329121373e-02
1.943344299920699361e-02
1.944689228537769751e-02
1.945911316633948049e-02
1.951079050547301422e-02
1.951704686820802254e-02
1.956300391327311927e-02
1.957141365141948017e-02
1.957235372947235819e-02
1.962503649126241465e-02
1.964889820510902843e-02
1.965379903247941110e-02
1.965872014212979163e-02
1.966229798178736887e-02
1.968093499839466617e-02
1.973212226808733483e-02
1.973759138736603386e-02
1.980374155095885463e-02
1.982976336337772746e-02
1.990004761197603292e-02
1.995092182524015392e-02
1.997670982106787216e-02
1.999169261267140507e-02
2.004341727623694738e-02
2.008867694929271711e-02
2.012040824374478065e-02
2.014839708327363643e-02
2.018979725496864233e-02
2.026711245606573064e-02
2.027356630459599060e-02
2.027367256682219981e-02
2.028122636700043988e-02
2.028189571707735353e-02
2.042127242945061816e-02
2.043269711147769480e-02
2.043451566627961860e-02
2.049756246855429648e-02
2.055611858608892215e-02
2.064003092557582103e-02
2.067450984161250602e-02
2.071065863365680049e-02
2.075687114486769388e-02
2.080001349615515777e-02
2.082838418291722143e-02
2.118792881610013015e-02
2.119028043682376697e-02
2.120325676978425736e-02
2.125248572450665757e-02
2.126079376129046128e-02
2.137219483370971299e-02
2.138320154408032692e-02
2.142407419801824198e-02
2.145902876994936273e-02
2.149277455532582273e-02
2.161891275431135004e-02
2.165335862528556393e-02
2.166934977244330124e-02
2.167280823100315931e-02
2.168113578277553605e-02
2.181736371260181023e-02
2.188521924338959410e-02
2.193980582163754592e-02
2.194776751318391894e-02
2.195142376133994710e-02
2.195874937756128395e-02
2.204387784766543776e-02
2.208868023129233887e-02
2.210060978057611092e-02
2.211055353710634705e-02
2.214889231696167207e-02
2.215528868139521323e-02
2.216214023107634934e-02
2.224809985481764063e-02
2.228589643142600205e-02
2.232496609518991662e-02
2.235969989875243730e-02
2.245806542548114959e-02
2.247364221828389991e-02
2.247925905683306053e-02
2.254103647817483347e-02
2.256902414775250471e-02
2.265061349629326690e-02
2.267034010487375961e-02
2.276730751448412249e-02
2.282593243480908127e-02
2.306976530137413647e-02
2.321488615130485461e-02
2.322159472795482654e-02
2.336592940523602238e-02
2.354096029767115128e-02
2.358617337987213916e-02
2.373364806303231156e-02
2.376957499719591083e-02
2.376985981024007030e-02
2.377943725392703614e-02
2.382667763299285701e-02
2.382811830224552951e-02
2.385859647854844320e-02
2.386437052872487571e-02
2.389986817437284722e-02
2.394895557324679819e-02
2.416085148359716980e-02
2.440880905037476345e-02
2.443311057119696567e-02
2.454278833673038604e-02
2.461352267022101983e-02
2.467789665105137378e-02
2.471982969896802107e-02
2.474411284587399104e-02
2.481873791730211318e-02
2.483348297980384617e-02
2.489078461878133086e-02
2.513873045459785391e-02
2.513943411209725032e-02
2.514933341980316733e-02
2.518660960963390455e-02
2.521734799601337354e-02
2.546154360930453706e-02
2.555363862703820266e-02
2.563796343502779476e-02
2.565281108921995193e-02
2.565990073544707067e-02
2.567975451865796635e-02
2.585437742765535687e-02
2.588629853238965522e-02
2.590829432871526866e-02
2.594214481684162243e-02
2.600373194367082419e-02
2.604676908254710890e-02
2.607658255602518863e-02
2.608973542185638247e-02
2.609375524347318231e-02
2.624795995008231270e-02
2.631859186202205325e-02
2.636001278065329412e-02
2.659583802402658986e-02
2.670987870019974481e-02
2.695304139595909934e-02
2.719551089491190413e-02
2.781388710460423047e-02
2.804745620910096410e-02
2.820045628995267520e-02
2.874625226741746656e-02
2.897909455958750172e-02
2.923388647334229998e-02
2.936520021027829927e-02
2.941509851235201214e-02
2.989024303765529939e-02
3.051923030201174336e-02
3.073315121267311892e-02
3.095969873464538696e-02
3.103032934483299782e-02
3.153522290586367738e-02
3.172666439323109516e-02
3.225653694554664330e-02
3.328917423490913158e-02
3.339337857132962384e-02
3.448431781797434148e-02
3.496069132286701991e-02
3.534135252522518922e-02
3.686515017210330314e-02
3.688593578471049961e-02
3.815441207611781904e-02
3.869596881103419539e-02
3.874307247450472363e-02
4.010876942452651361e-02
4.142946238680354082e-02
4.252726609519833639e-02
4.379559938784621798e-02
4.574393259230894598e-02
4.595411964476203009e-02
5.123943136259885567e-02
5.254531471985272872e-02
5.843702091963193929e-02
6.369588228941189256e-02
8.412450792548434308e-02
