4.069549519999999809e-01
1.125684571999999939e+00
2.614539401000000041e+00
3.460173252000000144e+00
4.149091690999999749e+00
4.376670887999999593e+00
4.439333465999999895e+00
4.447522197999999705e+00
5.450977275999999705e+00
5.514469852000000394e+00
5.704442282999999669e+00
5.809567616999999906e+00
6.032551831000000142e+00
6.120902027999999717e+00
6.174925928000000397e+00
6.306349206000000152e+00
6.446559470000000402e+00
6.814819832000000410e+00
6.833316597999999686e+00
7.631830811999999575e+00
7.936500242000000149e+00
8.157767357000000885e+00
8.690112424000000502e+00
8.853054735000000619e+00
9.482002851000000732e+00
9.840922190000000569e+00
9.858386076000000386e+00
9.997775531000000271e+00
1.077394916999999985e+01
1.111123420999999922e+01
1.142946412000000045e+01
1.144056381999999950e+01
1.225415324000000084e+01
1.257612340999999923e+01
1.263241776999999999e+01
1.283663199999999982e+01
1.301886144999999928e+01
1.784691357999999894e+01
1.883701492999999871e+01
1.944320116999999826e+01
1.968669251000000031e+01
2.035792724999999947e+01
2.512344140000000081e+01
