9.991646862150574751e-03
1.057349059803560157e-02
1.107843775770346074e-02
1.133074404665104264e-02
1.160470246908115212e-02
1.166405685738861053e-02
1.190282239541121286e-02
1.190546405580520523e-02
1.213079450502451209e-02
1.215956589327722541e-02
1.219559827209954796e-02
1.225452360027546803e-02
1.235734901363140688e-02
1.236953865770610769e-02
1.249742776202023703e-02
1.253931517394327004e-02
1.265076493084648507e-02
1.276816052201235757e-02
1.288535665543151520e-02
1.291355204525288479e-02
1.292897390769051115e-02
1.295433108989930623e-02
1.296996639189225767e-02
1.304122461516309117e-02
1.306344795571284453e-02
1.317655225543598423e-02
1.317741760977261985e-02
1.322935156762719729e-02
1.323211244990741241e-02
1.328109405451297076e-02
1.329146992824040141e-02
1.330332675261031855e-02
1.339803882363604058e-02
1.345348189001023022e-02
1.347640904868103486e-02
1.355216449228618079e-02
1.357703063774255182e-02
1.364801886693667136e-02
1.374064382771806800e-02
1.377358810088070637e-02
1.380429340781273544e-02
1.382896767129148351e-02
1.387591340874180963e-02
1.395110973992109288e-02
1.395613429182345280e-02
1.399459433985213684e-02
1.406845362754018114e-02
1.413528394388187739e-02
1.420125115527108919e-02
1.420604866931254873e-02
1.424555225505483823e-02
1.434483584602494130e-02
1.437995970710771558e-02
1.439596504858084956e-02
1.441817229360722701e-02
1.443989223094214319e-02
1.447326249745804240e-02
1.447436243445541365e-02
1.449626708713128674e-02
1.449684652570956862e-02
1.451332677903308110e-02
1.452899294183413251e-02
1.456160066612186173e-02
1.462433548978079798e-02
1.469076613681191516e-02
1.470910197303893115e-02
1.479341644173685216e-02
1.481635443704093329e-02
1.481718900897894056e-02
1.482434970379779664e-02
1.482757817390791336e-02
1.485552353937993897e-02
1.485724003957256990e-02
1.485997563827301006e-02
1.488599791847545692e-02
1.490416871934166845e-02
1.491633904703607190e-02
1.491730729153790264e-02
1.491940232622255419e-02
1.496321976033379575e-02
1.496813557069441233e-02
1.500083766163545426e-02
1.502058657277354631e-02
1.503691372239853580e-02
1.503727086983712956e-02
1.505272919166135079e-02
1.506990545899235083e-02
1.509893659639944055e-02
1.515805257869090421e-02
1.519002976558124669e-02
1.522444952343343476e-02
1.522916635645188768e-02
1.524546287446460098e-02
1.525567664971124240e-02
1.528867915663331689e-02
1.530769904929112253e-02
1.531640366317589715e-02
1.532538613034677664e-02
1.535260109925849596e-02
1.539391159473130558e-02
1.543029163918778306e-02
1.546498712245047286e-02
1.546754260474905024e-02
1.549475539706227090e-02
1.550689206535258574e-02
1.550917676997947726e-02
1.552783784134571278e-02
1.552885348907279139e-02
1.556425234870866675e-02
1.559324074181339150e-02
1.560568090874379921e-02
1.560582447710785400e-02
1.560829230563132337e-02
1.561561461655954636e-02
1.562173167330234078e-02
1.564524792206074474e-02
1.567838421737912866e-02
1.570106316138498298e-02
1.571866640725516281e-02
1.573157537176463061e-02
1.574995921917051941e-02
1.575782038341975305e-02
1.577137201297863084e-02
1.582095718914490468e-02
1.583294322807898835e-02
1.583591746889051119e-02
1.584731345180459550e-02
1.594335716394545965e-02
1.597141960111927994e-02
1.597809486224677916e-02
1.598246690144001711e-02
1.598648968727563527e-02
1.599104878126656956e-02
1.599324353885116234e-02
1.604061186129533342e-02
1.607822704622294610e-02
1.609333262757060845e-02
1.611165738203589395e-02
1.611867937239154849e-02
1.613520840622829911e-02
1.615057707307187770e-02
1.617631297847473698e-02
1.622752978601435872e-02
1.625910475854290549e-02
1.627722908675018065e-02
1.630261186013436114e-02
1.632744905112294004e-02
1.638733394610749836e-02
1.639139955028852055e-02
1.640259928623926527e-02
1.640913463861625940e-02
1.643096290587240174e-02
1.644229964809246214e-02
1.644338801562198610e-02
1.646493252758714568e-02
1.647516293646771740e-02
1.648350603346927790e-02
1.649406732480702270e-02
1.649539437074622195e-02
1.651756093842537618e-02
1.656917855927583089e-02
1.656956604500181215e-02
1.657296342485561555e-02
1.657758705579776004e-02
1.668142813764902921e-02
1.668224852195362290e-02
1.669483361391878307e-02
1.670173927368187594e-02
1.670291728432240358e-02
1.671434411423402752e-02
1.672252024511791321e-02
1.672954344314137726e-02
1.673089364054652917e-02
1.675087725767136423e-02
1.675251336915367303e-02
1.677443410375513422e-02
1.677786296441430985e-02
1.677982876394143452e-02
1.681267639059101301e-02
1.681389692174966796e-02
1.682088264473296374e-02
1.682522441699803653e-02
1.682525066150688392e-02
1.684639923997694258e-02
1.691291450314178282e-02
1.692485354185255600e-02
1.694585881917123546e-02
1.695558427445967645e-02
1.696916238911612071e-02
1.697016455345451424e-02
1.697836347848685756e-02
1.698740062482994792e-02
1.700495201824134273e-02
1.700698069545479238e-02
1.701306940375083010e-02
1.701506777405458956e-02
1.701588351641433045e-02
1.701949328823895019e-02
1.703096449111661179e-02
1.703376964217326317e-02
1.704676346132821818e-02
1.704768567044197269e-02
1.706448595729994147e-02
1.710009824384541022e-02
1.710343441721682775e-02
1.710636888859566260e-02
1.711618981991874788e-02
1.711722036738950320e-02
1.713480611314254637e-02
1.720312141572528236e-02
1.722844173750887053e-02
1.723528462585802168e-02
1.723569351618538248e-02
1.724332458662265755e-02
1.724743920194075908e-02
1.726526278408798548e-02
1.727332139314637083e-02
1.727647649547113182e-02
1.729321729801536894e-02
1.730047839058453107e-02
1.732963626161764664e-02
1.733990646324036142e-02
1.736352318717504853e-02
1.738525323192256083e-02
1.738643482995991946e-02
1.743013818047279423e-02
1.744049206033000676e-02
1.749314275275599267e-02
1.752270378577737084e-02
1.752448207056214735e-02
1.753071058680049504e-02
1.755786659835851388e-02
1.761360646864868970e-02
1.761965142760450395e-02
1.762673623709851839e-02
1.762816554770588531e-02
1.764370803360187923e-02
1.766189334422588186e-02
1.768717056231773610e-02
1.768724655678977770e-02
1.769116837099971723e-02
1.769177941195304929e-02
1.770235384419625163e-02
1.772747756783618622e-02
1.773096387411587233e-02
1.774669685847655304e-02
1.778317689221169465e-02
1.780411626580189963e-02
1.781499725705087966e-02
1.781924138860363840e-02
1.782425975594251893e-02
1.782853401436088059e-02
1.785284973820895973e-02
1.785754389695507274e-02
1.789419538230339890e-02
1.790061726018673041e-02
1.792968254136342171e-02
1.795684057197283537e-02
1.798066347187240663e-02
1.798715380850781156e-02
1.800114179509714266e-02
1.801796467113394792e-02
1.802059301852119641e-02
1.803989364165329776e-02
1.807402597018812826e-02
1.808975034186856984e-02
1.809220674514127117e-02
1.810110492289189119e-02
1.811469096068775084e-02
1.811860911304152832e-02
1.811934374110775806e-02
1.812087139770519884e-02
1.813397835036018729e-02
1.813954720542276799e-02
1.815728137324423841e-02
1.816202371990526324e-02
1.816385309791978056e-02
1.817372305544279892e-02
1.817671069078500429e-02
1.818787478692624610e-02
1.822983543778287224e-02
1.823492217619014991e-02
1.824081882619650596e-02
1.824341457574717509e-02
1.825750672323292120e-02
1.826764149755277095e-02
1.827417652401514339e-02
1.827829539739147385e-02
1.829237255181311722e-02
1.829685796744950563e-02
1.830081288017196620e-02
1.831583670254446905e-02
1.831785079375491260e-02
1.834769991357525221e-02
1.835201314965358502e-02
1.836253442169498082e-02
1.837551821742055072e-02
1.840240244231333006e-02
1.840783726998139816e-02
1.841503067536476648e-02
1.841699648904948639e-02
1.842190827785692916e-02
1.847824237439844863e-02
1.848188577914935959e-02
1.849036165466359447e-02
1.853335925393520198e-02
1.853414800548240648e-02
1.854568182002610394e-02
1.854669612450067506e-02
1.859280153618182024e-02
1.859509520261622487e-02
1.860450286779097989e-02
1.863761122599303863e-02
1.868951248026786555e-02
1.870388204431074411e-02
1.871393671390027963e-02
1.872523168637905966e-02
1.875505138414010689e-02
1.875517780968537565e-02
1.878827962487388675e-02
1.879089536565612881e-02
1.880082613471158182e-02
1.880591215359754542e-02
1.881101969992985540e-02
1.881759809848256373e-02
1.882515919113977518e-02
1.883112284462727312e-02
1.883547919746364832e-02
1.883606703758289660e-02
1.884319262242329512e-02
1.886045948055863411e-02
1.887840027911944288e-02
1.888142535071916581e-02
1.889260659020515140e-02
1.889754617351510971e-02
1.890162707069352813e-02
1.891658578489247358e-02
1.892466941988519419e-02
1.893273736277342051e-02
1.893416798994154368e-02
1.894302403557973982e-02
1.894371324242812016e-02
1.897742499963070428e-02
1.901435972393959381e-02
1.902178946594284409e-02
1.902207551464513147e-02
1.904694904159012422e-02
1.905951971736428649e-02
1.905955129325622929e-02
1.906907254611664090e-02
1.908916006447591157e-02
1.909984234984015219e-02
1.911826784543227409e-02
1.913534015850684722e-02
1.913756599848721179e-02
1.914236015671019406e-02
1.918506394995607781e-02
1.919330996468014347e-02
1.923162183179574075e-02
1.923704103828512493e-02
1.924311855171212740e-02
1.926441677366127342e-02
1.928024165008119378e-02
1.930590764995933697e-02
1.931089598432317658e-02
1.932227177872790705e-02
1.932650239774389572e-02
1.933953639423143661e-02
1.935083045525863576e-02
1.935714764065220653e-02
1.936379030507307322e-02
1.937491004434328118e-02
1.949919000668498895e-02
1.951177415905770707e-02
1.953920320442162004e-02
1.954360508370084348e-02
1.960126586707939753e-02
1.961576932450123656e-02
1.964410297966870389e-02
1.966962885941031525e-02
1.968388073256892301e-02
1.970577830803514965e-02
1.972679003047669855e-02
1.973305957191174090e-02
1.974638445587382704e-02
1.977643550267606937e-02
1.979384505548776110e-02
1.980343770533020409e-02
1.981718057768087210e-02
1.983185002537407246e-02
1.984317419613590081e-02
1.984332669173171845e-02
1.985309070731211892e-02
1.987334641719572595e-02
1.988204200927243259e-02
1.991632666384089353e-02
1.994357598518914018e-02
1.994450784270412197e-02
1.994646141142564916e-02
1.995093038767646251e-02
1.998119223200965980e-02
2.000719113434912266e-02
2.000960851063494916e-02
2.001488690260004588e-02
2.003076472980938258e-02
2.004589121126611889e-02
2.005111319048649698e-02
2.006917030155675255e-02
2.007008782608519365e-02
2.008541954394717569e-02
2.009171938555215017e-02
2.011441324935476366e-02
2.013596173050677396e-02
2.014159784212827056e-02
2.015964535700051283e-02
2.016770740051345226e-02
2.019747464648707913e-02
2.020432456475586627e-02
2.022235989898612391e-02
2.022300667830843890e-02
2.025911723222585670e-02
2.026798862570106108e-02
2.026849060651332232e-02
2.027574911239431871e-02
2.028045580843456167e-02
2.028316069071260316e-02
2.029386429143161322e-02
2.032912827550546753e-02
2.034816331467347375e-02
2.035542013110429663e-02
2.035726785763537772e-02
2.037346358509404751e-02
2.037493894078333881e-02
2.039195741869738107e-02
2.040158883526224654e-02
2.043527832051103901e-02
2.045059205752718795e-02
2.045241127809987666e-02
2.047174066677194537e-02
2.047232894937738718e-02
2.051736944225203765e-02
2.052294791783780548e-02
2.054051737490126400e-02
2.055465364688879512e-02
2.056194827745973924e-02
2.063283095381844914e-02
2.064644820388573943e-02
2.065662082513474579e-02
2.066450160821015417e-02
2.067963488011657219e-02
2.068680367637504638e-02
2.070986109925779250e-02
2.076345203491512803e-02
2.078584898996637190e-02
2.083606361302416110e-02
2.088936252885131503e-02
2.093813354291575862e-02
2.093959578112320266e-02
2.094671616538054323e-02
2.095222678737695965e-02
2.095511613228416559e-02
2.096867268004711307e-02
2.097575748387011524e-02
2.099273781878500250e-02
2.100619711520206739e-02
2.100839841577513412e-02
2.101842560622687456e-02
2.104385682569234056e-02
2.106333047315935708e-02
2.106478073409859611e-02
2.107988758718529199e-02
2.110396670303408412e-02
2.111797087006383328e-02
2.114101614678321958e-02
2.114143335804971602e-02
2.114657234498373492e-02
2.116977609328362514e-02
2.118082869173036620e-02
2.121290950295519340e-02
2.121399297755521829e-02
2.122984237115948386e-02
2.124138677860652746e-02
2.124320784494668907e-02
2.131020452772253854e-02
2.133206208491184031e-02
2.134242127144240359e-02
2.136667707411722683e-02
2.139440961515450684e-02
2.141215016796453943e-02
2.142468577987061487e-02
2.144926429800398174e-02
2.148073006645206950e-02
2.150018692397049139e-02
2.150223996191274675e-02
2.150436379038949547e-02
2.151478758882771972e-02
2.152041662583003070e-02
2.153355538169669792e-02
2.153487546617501372e-02
2.154113420670616258e-02
2.154944176074493831e-02
2.157416272895535878e-02
2.159218564678384161e-02
2.164189598983663754e-02
2.165191622331879076e-02
2.165576230183827514e-02
2.165638180330447041e-02
2.166617488377422726e-02
2.168528577531148721e-02
2.168915672010145526e-02
2.170812810379313396e-02
2.172096478618862000e-02
2.173292261100088010e-02
2.174387373970330939e-02
2.175011573280613911e-02
2.178133050743973412e-02
2.181671136666148147e-02
2.182553081187258229e-02
2.183531710066183990e-02
2.184556678085003770e-02
2.187628493127133714e-02
2.188478615299215349e-02
2.188769728108986082e-02
2.189102037498698652e-02
2.190017711898981090e-02
2.194354367078516291e-02
2.194604380479640848e-02
2.195823322614337200e-02
2.196123647572145038e-02
2.198457991231773240e-02
2.199135383659728618e-02
2.199636402979073327e-02
2.199759632842191587e-02
2.201593436151268873e-02
2.205253114449847590e-02
2.207249710502864892e-02
2.208375456786444355e-02
2.209720153819871510e-02
2.211287712626515412e-02
2.211585919031385308e-02
2.213005254641666267e-02
2.213904134197813497e-02
2.216143957735494316e-02
2.216563948291237068e-02
2.217290302192058069e-02
2.218637874369026181e-02
2.218683564076064790e-02
2.220895379529325142e-02
2.226615591710402742e-02
2.230699788818717513e-02
2.231101107483622614e-02
2.233451283810039198e-02
2.234814670662695762e-02
2.235329997452497122e-02
2.236239344961548844e-02
2.236781581752138662e-02
2.237066180474460431e-02
2.238766016099496756e-02
2.240827525386426128e-02
2.247931320585016060e-02
2.248255706156999240e-02
2.255736662963823969e-02
2.256160267972247974e-02
2.259253167202430329e-02
2.259775108504578564e-02
2.259853588419092132e-02
2.259922379048367666e-02
2.263187580315948258e-02
2.263321331517284887e-02
2.265266298394344457e-02
2.265378930826047674e-02
2.266505349352106180e-02
2.266749223167461094e-02
2.268756840968185265e-02
2.269135520793625835e-02
2.269697031622879696e-02
2.271189855245653311e-02
2.271704140135851271e-02
2.272452050133377463e-02
2.273754913917360940e-02
2.273972387668801026e-02
2.274938135685939875e-02
2.275428831012621042e-02
2.275820256537783304e-02
2.278136074549678633e-02
2.278206092510616856e-02
2.278786844686054441e-02
2.280568786704166920e-02
2.281127638756721976e-02
2.283689868665040104e-02
2.283696781617800681e-02
2.284430801541066300e-02
2.284828532206818058e-02
2.289289022403659737e-02
2.289882293367884181e-02
2.293381059300575106e-02
2.294114725296343346e-02
2.295463613443803411e-02
2.296341556115837068e-02
2.296361969993140906e-02
2.299322474636243327e-02
2.300746603590787115e-02
2.301079451435132997e-02
2.303670194360461429e-02
2.304700000063894180e-02
2.305272956440358040e-02
2.305386650805554827e-02
2.306520420947959574e-02
2.315791468439551415e-02
2.324461204256862007e-02
2.325571965393570528e-02
2.326079873762189332e-02
2.326096261818585975e-02
2.326984681927228224e-02
2.327192799695075587e-02
2.327612109233968829e-02
2.329295749019063763e-02
2.331097171429120929e-02
2.332444524904845121e-02
2.334345705995379341e-02
2.334451659492157646e-02
2.339174405894886566e-02
2.342487707189123622e-02
2.345653912677028372e-02
2.348494017791825927e-02
2.349345913007399103e-02
2.349584534047520143e-02
2.349972443514333417e-02
2.353205645111311473e-02
2.354820228286824343e-02
2.354966424938502098e-02
2.355872767094520023e-02
2.358616125642669023e-02
2.359740107480358048e-02
2.369358456171592048e-02
2.369633430111150671e-02
2.370499020055201814e-02
2.372282868144160936e-02
2.373646936664557811e-02
2.374975063357887342e-02
2.376555110619169020e-02
2.377888944365233459e-02
2.378237442846918223e-02
2.378897102486591045e-02
2.384030994100521175e-02
2.384860828056428392e-02
2.388190300098270644e-02
2.389779725354637674e-02
2.390015348691200761e-02
2.390455794764746039e-02
2.395299755786230861e-02
2.395522534053331348e-02
2.398364772606991283e-02
2.399882809154399790e-02
2.400737420386206411e-02
2.401987970264136962e-02
2.406404315627509033e-02
2.409146692163240816e-02
2.412089950513695430e-02
2.412447630264883888e-02
2.413133989035541604e-02
2.413981037340551597e-02
2.414586191499025827e-02
2.414677216294278464e-02
2.416190877883670970e-02
2.416288732267951947e-02
2.416515571656161973e-02
2.418610931080431709e-02
2.419266905131258610e-02
2.420817090244471378e-02
2.421030863868827571e-02
2.421829731680260819e-02
2.421901718422134892e-02
2.423975002328129791e-02
2.427934997151314292e-02
2.430663867284465346e-02
2.433386560405026780e-02
2.434232507744118687e-02
2.434290958490310450e-02
2.434654961766573311e-02
2.436786800020174226e-02
2.437422256394386477e-02
2.437560782988658359e-02
2.437948783546056014e-02
2.441232509530823561e-02
2.443399781051222228e-02
2.445071447067405368e-02
2.449104737334117585e-02
2.449839005121076663e-02
2.452227104472784469e-02
2.455016314255107843e-02
2.457150705042644712e-02
2.457836487246253809e-02
2.459891171710873112e-02
2.462534994427991938e-02
2.468262773363486332e-02
2.476339890153034587e-02
2.480819611926343357e-02
2.481320580157721917e-02
2.486490174450134427e-02
2.488985551435770466e-02
2.489094929438568152e-02
2.492078016860715950e-02
2.495878323688226555e-02
2.499121272797305560e-02
2.500247324864276338e-02
2.504438395513311141e-02
2.507775650259275527e-02
2.509069893778533705e-02
2.512820804122593843e-02
2.516562915445718848e-02
2.518043542775861773e-02
2.520386059186115191e-02
2.523037224977397325e-02
2.523870859844946912e-02
2.525282282120781818e-02
2.528636493179052536e-02
2.530898848442729096e-02
2.543088499516471881e-02
2.544118713007869140e-02
2.548330241338797597e-02
2.550015892384973823e-02
2.550246181887117630e-02
2.552754228695164329e-02
2.558304630098959601e-02
2.561346455077723530e-02
2.561848955718066742e-02
2.566079269943217014e-02
2.568009787648484199e-02
2.569654062236617978e-02
2.572300622824078009e-02
2.575382048747735381e-02
2.577554256018817214e-02
2.581153668510965254e-02
2.584152618732349013e-02
2.584251122208437376e-02
2.592482394727763095e-02
2.593322492102395280e-02
2.597507301171222277e-02
2.598499847384353953e-02
2.602017235506826412e-02
2.602070505666585071e-02
2.606445305032334750e-02
2.609655587899857923e-02
2.616453445740288264e-02
2.621744815710388629e-02
2.622875652496254803e-02
2.623559398253396541e-02
2.629024173030369491e-02
2.632704894526396305e-02
2.633303019911889878e-02
2.634082575843261706e-02
2.634626270421264529e-02
2.635266555739364594e-02
2.640767093006947050e-02
2.644455071735359042e-02
2.648632186488418874e-02
2.650927179365085082e-02
2.651177328563689845e-02
2.654997134745171530e-02
2.655451239430723157e-02
2.658319029956239879e-02
2.671699028440473536e-02
2.671734951022631047e-02
2.682429604257101016e-02
2.686671469774857754e-02
2.688824002188369700e-02
2.689873442881803370e-02
2.694041208076698724e-02
2.696221962421468596e-02
2.697074479172426043e-02
2.698698302968969773e-02
2.709903478574979957e-02
2.709992169938760589e-02
2.710339125426863144e-02
2.713622422138549720e-02
2.714579704838659610e-02
2.716874656604835112e-02
2.724756593856777695e-02
2.726318415107756646e-02
2.728694462816977015e-02
2.730167548264488681e-02
2.736405156230961588e-02
2.736981486417976520e-02
2.738156818436569134e-02
2.740131372845613228e-02
2.740201584043505320e-02
2.741285911043087054e-02
2.744176991400061952e-02
2.745614320989974572e-02
2.751808222334473433e-02
2.752396926959828349e-02
2.756776910900990765e-02
2.757191102502053875e-02
2.768029497502640449e-02
2.768267736951543490e-02
2.774551614220722995e-02
2.777337709335680332e-02
2.781304464750106523e-02
2.781759141728348469e-02
2.786514903585390196e-02
2.789384474428473898e-02
2.789483222815067331e-02
2.793656825118818327e-02
2.809967228698040734e-02
2.809969098516588645e-02
2.810414328897402336e-02
2.813212234714866297e-02
2.813363108167381277e-02
2.813477318058869164e-02
2.816969207561762292e-02
2.817959499779627841e-02
2.818456313326597393e-02
2.819200642132537599e-02
2.820639622176513220e-02
2.836365981602282510e-02
2.838417007834026853e-02
2.839067443104527702e-02
2.844676315099089678e-02
2.855293827812527274e-02
2.858354497303859307e-02
2.860783506398946116e-02
2.865356041788064828e-02
2.865479363375852268e-02
2.866595519677085299e-02
2.868976223632433917e-02
2.875870042455197159e-02
2.876192898840882958e-02
2.877867182671635035e-02
2.879230010960074151e-02
2.879302148319361557e-02
2.881058314912805438e-02
2.890280277960479219e-02
2.894232648095363541e-02
2.897445493266582323e-02
2.904692759820031583e-02
2.918656948231877421e-02
2.923434576936258245e-02
2.928930032634062888e-02
2.938046457576264439e-02
2.950021512955612948e-02
2.958611256977406248e-02
2.960886947355021587e-02
2.965287636965998827e-02
2.971036584171958539e-02
2.982568020376209078e-02
2.986752589114815767e-02
2.986860770511420848e-02
2.994171252754885409e-02
2.995004951974692547e-02
2.999974978798305297e-02
3.000875029871571953e-02
3.003496795140071784e-02
3.009461435424496886e-02
3.017262065914945793e-02
3.024320279352811849e-02
3.025367134109215386e-02
3.033698753849666668e-02
3.034741322471750519e-02
3.035046401960262569e-02
3.036454837109987120e-02
3.038982890790508165e-02
3.041406305985337732e-02
3.052303937949544382e-02
3.055932673860237841e-02
3.056758763326986039e-02
3.060840495063271716e-02
3.064946264510979429e-02
3.068450854466357042e-02
3.072252616858161395e-02
3.072509207454452579e-02
3.079208475437077153e-02
3.081017289092396333e-02
3.081241088881892659e-02
3.084872948894728725e-02
3.087037639239909037e-02
3.109770350252478305e-02
3.111596578209469000e-02
3.124744905458418098e-02
3.125445023844092979e-02
3.126318080258119747e-02
3.129985204074175326e-02
3.133606376852049458e-02
3.134113194194273339e-02
3.141130824986667486e-02
3.150034546671778152e-02
3.181498658484199077e-02
3.187967703022227123e-02
3.196091633064029186e-02
3.197317077951589148e-02
3.206891509530421236e-02
3.208011859885355477e-02
3.213289183714451713e-02
3.214843151139924055e-02
3.223555190264700693e-02
3.226213540931134605e-02
3.238033044513320691e-02
3.238572305734643830e-02
3.238856688926918664e-02
3.242777712690084885e-02
3.248782525064600885e-02
3.269987716900909364e-02
3.277447048325601853e-02
3.286916173483617198e-02
3.301822985068254140e-02
3.307381597137586809e-02
3.310310696358711308e-02
3.310644666099799710e-02
3.313673466700724907e-02
3.314857064749825860e-02
3.334478996338751527e-02
3.342196544471541519e-02
3.346197685379830727e-02
3.349390454303826509e-02
3.350495963026664525e-02
3.350929513664564069e-02
3.352886686986258913e-02
3.358493385120100982e-02
3.367865860098812059e-02
3.388738973812110977e-02
3.396854842191934093e-02
3.401654579521309202e-02
3.407362986455703124e-02
3.416473598466235329e-02
3.418530142687301043e-02
3.420121323421673049e-02
3.420711583466311961e-02
3.421687705732930768e-02
3.428615846701910802e-02
3.440189227814605816e-02
3.444211530384843484e-02
3.444267370006900975e-02
3.461561482980748949e-02
3.461830290659066722e-02
3.464232717362861896e-02
3.468351892881515325e-02
3.483874059001478701e-02
3.489996301010615115e-02
3.521840660010602808e-02
3.522560070432941004e-02
3.523357180560129920e-02
3.537588498359168360e-02
3.540801979932966387e-02
3.543968184834203616e-02
3.551080611892763750e-02
3.592182495998672009e-02
3.611504523216265555e-02
3.614953520967231076e-02
3.617938922728731327e-02
3.628561393068436419e-02
3.643324277398937716e-02
3.651878543651668890e-02
3.655041436881330263e-02
3.670763534219801533e-02
3.688528136185287298e-02
3.709468035363146232e-02
3.715529664320352254e-02
3.727757841204868555e-02
3.744416677134001364e-02
3.779714545262400499e-02
3.783970188099938098e-02
3.790537866129497363e-02
3.801128111136428678e-02
3.803072551024593712e-02
3.839240763838340509e-02
3.866470101837313905e-02
3.869368346752837667e-02
3.890836337357792690e-02
3.903590022633696144e-02
3.916853164769425188e-02
3.918488833813926764e-02
3.925825546566973079e-02
3.954297345326106272e-02
3.955772775965709503e-02
3.958777296413626412e-02
3.982165880228181326e-02
3.984974268317147822e-02
3.991906484879055583e-02
4.031022766616867981e-02
4.033736957723001865e-02
4.065454577229254962e-02
4.087071855233483098e-02
4.094071334994173195e-02
4.097018769634352964e-02
4.131281382974766325e-02
4.139637710481099131e-02
4.153561250783203984e-02
4.192809363320847832e-02
4.198509633391662305e-02
4.235039565596333128e-02
4.252755089202354954e-02
4.254659020037068751e-02
4.264556176629588635e-02
4.274289283174953491e-02
4.291114829935199076e-02
4.323298483587165869e-02
4.328068769693259321e-02
4.332170202047611052e-02
4.338984331358972102e-02
4.374061843400924715e-02
4.380424588340373765e-02
4.398112548584540149e-02
4.423847434693508468e-02
4.433823192574692235e-02
4.486214836297626463e-02
4.489577355783666568e-02
4.528868504985932020e-02
4.559362887472120235e-02
4.589880435329416614e-02
4.598247586813882654e-02
4.600876844194988491e-02
4.674084516293390557e-02
4.799157551265462868e-02
4.840215195439099422e-02
4.871561785741251871e-02
5.043459795407834179e-02
5.196761522700624886e-02
5.197710641043113561e-02
5.261563788315813672e-02
5.263763718367160671e-02
5.421784918261444292e-02
5.594668914195751602e-02
6.106419858061128830e-02
7.633062132606548145e-02
