7.799999999999999989e-02
7.799999999999999989e-02
7.799999999999999989e-02
7.799999999999999989e-02
7.799999999999999989e-02
7.799999999999999989e-02
7.799999999999999989e-02
7.799999999999999989e-02
7.799999999999999989e-02
7.900000000000000078e-02
7.900000000000000078e-02
7.900000000000000078e-02
7.900000000000000078e-02
7.900000000000000078e-02
8.000000000000000167e-02
8.000000000000000167e-02
8.100000000000000255e-02
8.100000000000000255e-02
1.570000000000000007e-01
1.570000000000000007e-01
1.570000000000000007e-01
1.580000000000000016e-01
1.580000000000000016e-01
1.590000000000000024e-01
1.590000000000000024e-01
1.590000000000000024e-01
2.359999999999999876e-01
2.359999999999999876e-01
2.359999999999999876e-01
2.359999999999999876e-01
2.359999999999999876e-01
2.369999999999999885e-01
2.369999999999999885e-01
2.379999999999999893e-01
2.379999999999999893e-01
2.720000000000000195e-01
3.049999999999999933e-01
3.140000000000000013e-01
3.150000000000000022e-01
3.160000000000000031e-01
3.170000000000000040e-01
3.180000000000000049e-01
3.200000000000000067e-01
3.840000000000000080e-01
3.930000000000000160e-01
3.930000000000000160e-01
4.630000000000000226e-01
4.719999999999999751e-01
4.729999999999999760e-01
4.739999999999999769e-01
4.769999999999999796e-01
5.420000000000000373e-01
5.510000000000000453e-01
5.510000000000000453e-01
5.520000000000000462e-01
5.520000000000000462e-01
5.520000000000000462e-01
6.179999999999999938e-01
6.340000000000000080e-01
7.089999999999999636e-01
7.109999999999999654e-01
7.129999999999999671e-01
7.139999999999999680e-01
7.900000000000000355e-01
8.010000000000000453e-01
8.559999999999999831e-01
8.689999999999999947e-01
8.689999999999999947e-01
8.689999999999999947e-01
8.699999999999999956e-01
1.024000000000000021e+00
1.024000000000000021e+00
1.026999999999999913e+00
1.028000000000000025e+00
1.030000000000000027e+00
1.032000000000000028e+00
1.116999999999999993e+00
1.179999999999999938e+00
1.237999999999999989e+00
1.340999999999999970e+00
1.459000000000000075e+00
1.504999999999999893e+00
1.576000000000000068e+00
1.578000000000000069e+00
1.582999999999999963e+00
1.655999999999999917e+00
1.665999999999999925e+00
1.737000000000000099e+00
1.818999999999999950e+00
1.883000000000000007e+00
1.891000000000000014e+00
1.963000000000000078e+00
1.983999999999999986e+00
2.105999999999999872e+00
2.286000000000000032e+00
2.363999999999999879e+00
2.592000000000000082e+00
2.666999999999999815e+00
2.677999999999999936e+00
2.831999999999999851e+00
2.891000000000000014e+00
2.903000000000000025e+00
2.987999999999999989e+00
3.051000000000000156e+00
3.234999999999999876e+00
3.698999999999999844e+00
3.950000000000000178e+00
4.407000000000000028e+00
4.490999999999999659e+00
4.508000000000000007e+00
5.423000000000000043e+00
5.453999999999999737e+00
5.498000000000000220e+00
5.567999999999999616e+00
5.722000000000000419e+00
5.948999999999999844e+00
7.014000000000000234e+00
7.062999999999999723e+00
7.639000000000000234e+00
8.050000000000000711e+00
1.073799999999999955e+01
1.276900000000000013e+01
