2.012226310000962692e-02
2.990017466570287982e-02
3.132912596286744483e-02
3.160008463472901985e-02
3.193459727293970069e-02
3.193821212666331927e-02
3.196417551536426260e-02
3.224948377358818202e-02
3.239697558374028674e-02
3.275914943798115264e-02
3.278725509050559039e-02
3.286476023447493233e-02
3.304516561356870413e-02
3.330868904589524143e-02
3.356936650044116399e-02
3.365178131113485266e-02
3.404910011906019107e-02
3.417702286652866267e-02
3.456102556626778483e-02
3.460097245056718146e-02
3.463424149311759848e-02
3.481902958847195306e-02
3.482700294672084335e-02
3.491313328604603305e-02
3.512523614033047359e-02
3.540231007302489796e-02
3.541402455848707831e-02
3.545280937490724593e-02
3.546174623818658389e-02
3.547065240900998395e-02
3.550835225828913311e-02
3.554063854286993590e-02
3.569953015717051287e-02
3.570913146636269658e-02
3.581085190790023187e-02
3.582488312623531568e-02
3.602564804935615844e-02
3.614880637639821676e-02
3.624584995668680976e-02
3.660730666017769641e-02
3.661124245220045287e-02
3.674685567641827050e-02
3.687980359260278201e-02
3.698029492855205852e-02
3.710321902132493466e-02
3.710931649228049745e-02
3.713753380548005800e-02
3.723833410486781376e-02
3.725486242682102961e-02
3.728374478282501375e-02
3.735297558600422785e-02
3.746834507466974967e-02
3.767169526929889378e-02
3.767546772340896882e-02
3.779490914050102901e-02
3.782262412628741716e-02
3.788694353543910209e-02
3.789748514222321396e-02
3.790214730906782403e-02
3.791962270397598866e-02
3.792937041454368802e-02
3.807336766841373094e-02
3.818222336795353000e-02
3.824475260627930445e-02
3.829406323096842119e-02
3.831275016858234211e-02
3.835965087685699187e-02
3.862939653629834241e-02
3.865179119144844522e-02
3.872635275256072762e-02
3.885974896804446355e-02
3.890983755128149535e-02
3.891334975054207973e-02
3.902598838371558465e-02
3.907493150139187965e-02
3.912947478716782834e-02
3.930394510178426837e-02
3.935871183390529660e-02
3.936170008746122523e-02
3.949790643357588282e-02
3.956415121801844931e-02
3.958963626360288007e-02
3.991983691545798046e-02
3.993370334138634375e-02
3.995200365735938203e-02
4.000191054269789520e-02
4.011465975141414314e-02
4.012413443752345377e-02
4.015841766050191886e-02
4.016143796890557505e-02
4.022351292091977393e-02
4.023815581405269098e-02
4.034433521544592005e-02
4.042229744116836165e-02
4.042727296614156279e-02
4.046494163972479130e-02
4.050120316607048326e-02
4.050135738700353510e-02
4.055261733463708801e-02
4.059065279023415379e-02
4.063285122617656120e-02
4.077646443370863683e-02
4.083770095021185126e-02
4.084321644188193545e-02
4.088091088432744408e-02
4.091508576098044220e-02
4.093175762133218626e-02
4.108910397652398155e-02
4.114186412534346499e-02
4.117621738743771492e-02
4.118873914339944015e-02
4.126968791960475280e-02
4.130618595686283423e-02
4.140963354742800001e-02
4.141687443679280267e-02
4.146131387650490302e-02
4.154815969505334244e-02
4.161511472641671316e-02
4.170118919661865847e-02
4.170736794067311792e-02
4.173223861276230406e-02
4.176432047806374892e-02
4.181909523053331523e-02
4.185815628785998638e-02
4.187312428912230017e-02
4.187781204890664299e-02
4.190419917409131390e-02
4.209023058153708169e-02
4.217598340818830976e-02
4.218348781661559327e-02
4.218726704073921807e-02
4.219752905631820455e-02
4.228828319293502502e-02
4.255609634561563492e-02
4.264365215985346791e-02
4.264444195323114500e-02
4.268719237661416227e-02
4.271022760526235057e-02
4.273027167455131087e-02
4.277808937030193326e-02
4.278265930829067143e-02
4.283940864865790760e-02
4.290263419672742107e-02
4.294059231951557337e-02
4.296619260659638451e-02
4.300127913583430550e-02
4.304864918738684348e-02
4.312866630570602600e-02
4.315038337886838160e-02
4.317813453993475659e-02
4.319389457235812968e-02
4.321072221293301152e-02
4.329617562734641711e-02
4.334365548181874639e-02
4.334959935400009567e-02
4.335497046908699803e-02
4.336399505815771716e-02
4.340023840619670892e-02
4.348830644627901115e-02
4.350632434975288537e-02
4.353104981427054210e-02
4.353587814185434085e-02
4.353898641905925432e-02
4.358200862144740589e-02
4.360251556322641830e-02
4.364607713005699136e-02
4.368920466502265731e-02
4.371599998392580733e-02
4.375007205259898169e-02
4.376857614757627413e-02
4.378580898621895617e-02
4.384650015908338888e-02
4.387876304569692659e-02
4.387935712322653392e-02
4.395061956023391114e-02
4.401770854529356986e-02
4.404303835044594273e-02
4.407009275824405603e-02
4.410541283937429585e-02
4.419468185631002244e-02
4.423331672531841813e-02
4.425127834571364327e-02
4.431574034368706422e-02
4.431985241601474335e-02
4.433710386810214149e-02
4.435813041714738170e-02
4.449825997387765047e-02
4.450379930121595856e-02
4.455477844058618880e-02
4.460946032257490784e-02
4.480926944903051296e-02
4.481303258892971320e-02
4.484246038272818313e-02
4.484532850073464499e-02
4.485202086997645138e-02
4.485371019864771436e-02
4.493191881986868808e-02
4.494678747874151364e-02
4.497001324690866331e-02
4.499638925635033454e-02
4.504844926692922608e-02
4.506726127252844161e-02
4.507628110418727269e-02
4.508741001805401799e-02
4.511125226183420461e-02
4.517298795442530046e-02
4.520238904742899383e-02
4.521071148027957370e-02
4.524828914482507264e-02
4.532106735516201051e-02
4.532227368839508025e-02
4.532922999521783042e-02
4.533043588624507958e-02
4.535575142839493729e-02
4.538695153784923220e-02
4.541906421570970909e-02
4.548105801356606970e-02
4.555860602161532213e-02
4.559572226046327420e-02
4.563798932320990709e-02
4.570284771721134370e-02
4.575335771198742185e-02
4.578116143566821755e-02
4.582526664889708529e-02
4.584546422108175256e-02
4.587098960880497261e-02
4.594804646347470933e-02
4.595405825376143449e-02
4.601777460283820731e-02
4.602803988980078836e-02
4.605112172584394786e-02
4.608679028744366857e-02
4.609090177929821980e-02
4.611298605606086592e-02
4.629246206560976712e-02
4.633135464734108172e-02
4.633380473797512472e-02
4.636808082513319690e-02
4.639863902827810055e-02
4.643863530210402130e-02
4.655056014309247314e-02
4.655088278090037390e-02
4.657172420733918933e-02
4.659927120875594769e-02
4.661975157372049566e-02
4.662971857677258858e-02
4.691393806769542096e-02
4.692466768963483165e-02
4.694758215680369662e-02
4.696186137770837904e-02
4.698108836739567362e-02
4.698936596622354384e-02
4.708422004480708467e-02
4.712409166084950696e-02
4.713661151569545349e-02
4.714711294495737420e-02
4.728651092208408652e-02
4.732284640818804067e-02
4.736720777839228264e-02
4.743840635160994496e-02
4.754210292666358195e-02
4.754721400006512583e-02
4.754902469111137869e-02
4.755459976332401806e-02
4.756232323630542325e-02
4.759751250033495557e-02
4.761996744756246541e-02
4.762392077814264768e-02
4.777032113829964705e-02
4.780787534829369217e-02
4.780815854501439116e-02
4.786833569578821668e-02
4.787447685796335228e-02
4.801400946544513715e-02
4.810116081732979110e-02
4.813910034238468028e-02
4.816717013247164003e-02
4.818911916995147204e-02
4.822827216825846530e-02
4.830976756043912912e-02
4.833019259640586318e-02
4.835531891308322144e-02
4.839807956832323926e-02
4.841926714095851764e-02
4.842071481842786379e-02
4.847951714472700097e-02
4.851591399197363597e-02
4.853789250036324998e-02
4.859541904056812606e-02
4.859641942946539561e-02
4.863467903105011397e-02
4.864862653177920437e-02
4.879515303260009013e-02
4.881628290005459586e-02
4.888597823476333731e-02
4.897229587403058304e-02
4.907751033728362938e-02
4.922338137455864460e-02
4.925869353683391683e-02
4.928416381820050624e-02
4.930245100162543304e-02
4.932718385393061039e-02
4.939691888329371394e-02
4.954056246972291661e-02
4.959527036594225946e-02
4.964963324465231781e-02
4.966429399594848859e-02
4.975587476780551910e-02
4.978445277948803649e-02
4.980729714549377019e-02
4.988912820763397732e-02
4.992366083347016953e-02
4.996434727568400957e-02
4.997537767764024391e-02
5.013675643586924108e-02
5.014234905739702042e-02
5.016070079728099373e-02
5.019648266797548108e-02
5.027363119140813852e-02
5.030174583164592067e-02
5.050015824414023913e-02
5.054974060721557916e-02
5.062500673402623580e-02
5.063376480295977283e-02
5.068960331950263937e-02
5.069310354686856757e-02
5.073072263825674499e-02
5.073895012312699265e-02
5.078482744263473209e-02
5.084739527545822924e-02
5.092243861580576098e-02
5.094454482853225802e-02
5.097961494022569540e-02
5.101054597689866354e-02
5.101243178357421637e-02
5.102315564981483448e-02
5.106126011934710579e-02
5.119857637892591407e-02
5.122776764150691053e-02
5.145576807872950797e-02
5.150488834208982042e-02
5.159905497692510168e-02
5.165916938901715660e-02
5.168402704902164135e-02
5.171701840240813114e-02
5.178176269363156392e-02
5.179165898211240265e-02
5.187247069599875554e-02
5.187363106302333993e-02
5.197151161375248435e-02
5.197900850165058234e-02
5.199921851303402481e-02
5.199948926519477876e-02
5.199964604056571404e-02
5.203011336923234198e-02
5.204338445386298695e-02
5.206315711748958630e-02
5.217039581748554589e-02
5.217534367046875593e-02
5.220142141462016244e-02
5.222506643233335022e-02
5.222810570312298728e-02
5.222889486589584601e-02
5.223475316298984567e-02
5.223517781581860780e-02
5.224115172307722266e-02
5.237132014294369753e-02
5.243971896862276161e-02
5.251703692503806309e-02
5.253440908879835475e-02
5.258956994841055416e-02
5.260243498324164435e-02
5.277736250599149997e-02
5.279868697187357907e-02
5.285958105183478917e-02
5.287792320989857103e-02
5.289976291578259160e-02
5.290909680431572781e-02
5.294244188846064514e-02
5.295752005706540894e-02
5.299622796718777423e-02
5.301178488797295835e-02
5.307417859330081783e-02
5.310611155179417037e-02
5.314704706070870477e-02
5.315164020343465801e-02
5.315649622032787153e-02
5.322842144175434637e-02
5.324798632045548569e-02
5.325774726626585770e-02
5.334153251203180290e-02
5.337446274623043607e-02
5.339234649663043841e-02
5.357286885165887108e-02
5.360219499421159384e-02
5.363991253151787625e-02
5.366570526781907352e-02
5.382640082001622500e-02
5.385131976386159369e-02
5.391568672030008086e-02
5.395638721708565649e-02
5.399597216177006581e-02
5.400327183282865179e-02
5.402482240093721411e-02
5.404033429433671015e-02
5.406216986644445804e-02
5.407591717359947620e-02
5.410682655316689793e-02
5.412800318986472209e-02
5.412873841178396372e-02
5.414715758151777275e-02
5.414872605183387866e-02
5.416183687538610875e-02
5.418089607832120985e-02
5.421618657043086875e-02
5.428967278633192034e-02
5.431232900946795367e-02
5.433043448657996072e-02
5.436895329467160420e-02
5.439202306742018517e-02
5.442253035612814455e-02
5.442322604190404783e-02
5.451542211197069748e-02
5.453784786013324282e-02
5.455812107956593132e-02
5.461463363559301842e-02
5.461515963515613248e-02
5.461526953056904110e-02
5.473985384449728264e-02
5.476197190482305632e-02
5.476398383340817105e-02
5.484823354890560471e-02
5.485540545868425322e-02
5.493254657770134386e-02
5.494258674193369663e-02
5.495045054676994667e-02
5.496925727193460731e-02
5.514478662709431517e-02
5.517638821734230370e-02
5.521289469110567116e-02
5.526248349933716303e-02
5.531759637373315219e-02
5.538208877619222453e-02
5.539076524052686384e-02
5.543020443322234370e-02
5.543215738533123493e-02
5.549319485391036172e-02
5.558226597075234532e-02
5.563308963470343926e-02
5.569715484628400687e-02
5.571886852215517105e-02
5.572335779217889307e-02
5.575223065500157366e-02
5.578156474522291686e-02
5.584456127377152718e-02
5.585101950015963768e-02
5.585133368709950530e-02
5.585847404514225623e-02
5.592175770478186730e-02
5.592195098537950521e-02
5.601496921839747151e-02
5.603703180564617581e-02
5.607663164669287464e-02
5.611832533952704205e-02
5.612005485882922556e-02
5.613110607175021693e-02
5.616808095641925846e-02
5.616829682539382224e-02
5.619881592904465983e-02
5.620585558046322511e-02
5.629377090808366374e-02
5.629509580808777364e-02
5.633813652790205934e-02
5.643676096119525087e-02
5.645246627190675381e-02
5.648705082555697393e-02
5.648923035092915518e-02
5.654734469781493023e-02
5.655822704651294885e-02
5.656087487130604524e-02
5.656214997115313614e-02
5.672116686969584654e-02
5.678317851088610785e-02
5.681653663017149913e-02
5.700537571011888432e-02
5.707724049082310569e-02
5.707728903307980606e-02
5.708057134005679184e-02
5.712459249253166310e-02
5.713700298243862968e-02
5.722718926664047828e-02
5.724886079048492615e-02
5.724912793039758224e-02
5.729194902451169996e-02
5.733599169223894954e-02
5.742345842970519171e-02
5.746905646998282796e-02
5.746989695425739481e-02
5.747243251880037457e-02
5.747831966911498558e-02
5.752042313693193909e-02
5.763391508920111261e-02
5.765466777434347795e-02
5.768202817722526549e-02
5.768562659407483473e-02
5.769540215939771011e-02
5.773440320848233914e-02
5.773638624557945326e-02
5.785801303020367270e-02
5.788514788742286921e-02
5.795378286433450210e-02
5.799413195258522336e-02
5.805645097305721369e-02
5.811630462214289333e-02
5.812889581128014710e-02
5.816008954395430336e-02
5.816896018075116276e-02
5.819299192495872020e-02
5.822109371118226739e-02
5.825248356767272206e-02
5.842168237615640719e-02
5.854243801761873506e-02
5.860524649152808879e-02
5.867280138355450425e-02
5.868661436338122595e-02
5.875565898875052817e-02
5.878580738539378181e-02
5.885713798677490866e-02
5.886569589897452243e-02
5.890117113950935762e-02
5.890187378121213707e-02
5.891446058682772713e-02
5.894146134157695477e-02
5.897997669825208455e-02
5.906370566127401578e-02
5.914432702661191754e-02
5.922157287491737476e-02
5.924791464569197780e-02
5.934022095782005846e-02
5.941453797697002909e-02
5.944146017145754413e-02
5.944570907998027176e-02
5.948837846927360756e-02
5.951776077810554122e-02
5.952159507168185149e-02
5.954449469703924913e-02
5.959646474337581407e-02
5.964594575893984035e-02
5.983842839079286241e-02
5.990085336940586397e-02
5.993254791462662712e-02
5.996643474711862987e-02
5.998426568850731555e-02
6.004909226666025474e-02
6.006227238906904770e-02
6.013104158797124427e-02
6.017157802100219638e-02
6.018505533291484272e-02
6.018940294594336826e-02
6.022116728516294787e-02
6.029914594997027449e-02
6.041254924038857305e-02
6.050911863916846878e-02
6.053814836293278795e-02
6.054435253112795678e-02
6.065003929058010446e-02
6.066854648213398232e-02
6.069418080303733143e-02
6.079213971151396778e-02
6.089452050236636438e-02
6.091063320460695513e-02
6.098411503177080667e-02
6.099534272933874318e-02
6.101847168559718093e-02
6.105557238741192438e-02
6.109184978146683931e-02
6.109511981834274408e-02
6.125918819764512857e-02
6.127583154703046542e-02
6.128031705807252677e-02
6.128689136714172286e-02
6.131659805298933508e-02
6.132758892379411991e-02
6.138830104005696398e-02
6.144940141934884803e-02
6.147531283241607081e-02
6.150548937376595915e-02
6.153177379369551697e-02
6.161637127456979363e-02
6.162984450155126886e-02
6.164562736493245376e-02
6.166774099311202878e-02
6.167889368636232661e-02
6.168051568616030045e-02
6.174640770234216675e-02
6.178452673011623070e-02
6.178581317904935366e-02
6.182670325631956648e-02
6.182850778800025315e-02
6.185209851834746336e-02
6.185474588216902103e-02
6.192038733515902588e-02
6.197082261005979614e-02
6.197882189033631500e-02
6.200112609515152917e-02
6.233963770783040870e-02
6.236719291108654140e-02
6.246769939542867051e-02
6.247820902691703093e-02
6.255400280807495161e-02
6.262631440378475800e-02
6.273943322796342315e-02
6.275455948893970959e-02
6.281062026573695778e-02
6.287796645555497610e-02
6.291482483707977469e-02
6.294944848237228607e-02
6.308428979073053833e-02
6.322375368077320923e-02
6.325712078897775814e-02
6.330336564344316019e-02
6.330497242598413787e-02
6.335659924985595493e-02
6.339014039301722747e-02
6.342087488495715131e-02
6.346324616841413080e-02
6.350130504787106223e-02
6.360307379751534151e-02
6.371516220340556202e-02
6.381769893582657505e-02
6.385302096352107881e-02
6.396667270663369820e-02
6.399574516843042904e-02
6.402533532543212835e-02
6.403074282998395816e-02
6.409081715444173155e-02
6.411216907574374124e-02
6.415880892619725551e-02
6.418669883646438423e-02
6.429909917002636643e-02
6.434282190692301728e-02
6.436932581926285701e-02
6.438138704691633019e-02
6.439151736236298218e-02
6.447090766375060400e-02
6.449403031221570548e-02
6.464630988365101250e-02
6.466439121839519244e-02
6.472367178659046982e-02
6.473604664398875663e-02
6.477223374627288921e-02
6.482049893710123412e-02
6.488551157279839887e-02
6.489701729489759374e-02
6.498641057158109635e-02
6.499567275748364958e-02
6.502179226955384639e-02
6.511630235523838128e-02
6.515511812999458252e-02
6.515586803860552723e-02
6.519309219375211961e-02
6.522380241095379616e-02
6.527107631737293081e-02
6.529021003454076044e-02
6.530231772159192372e-02
6.534403820662990081e-02
6.544403924678736384e-02
6.545079130869686790e-02
6.552358987438500204e-02
6.552715629506926376e-02
6.557911502222635303e-02
6.569319790680494542e-02
6.582166083281358604e-02
6.590998096189612521e-02
6.593585015684157169e-02
6.594781286641485107e-02
6.599109947540134080e-02
6.608439745423087819e-02
6.622733201858030383e-02
6.628490685829376006e-02
6.629697018529846775e-02
6.640718638165375720e-02
6.642523182990063557e-02
6.650999209238507570e-02
6.658216272680367309e-02
6.660420677973714898e-02
6.660597616023740397e-02
6.662313546375529805e-02
6.666005782518938383e-02
6.667848126176825763e-02
6.675292389587431097e-02
6.677622102770067181e-02
6.687003246934684897e-02
6.687851950388973288e-02
6.688072473008720153e-02
6.690250842093431460e-02
6.691526080186240011e-02
6.701766187731958424e-02
6.706455520058514364e-02
6.714542367334495887e-02
6.723869085136109647e-02
6.730853805504394272e-02
6.741399253821095394e-02
6.752463195098595827e-02
6.754968051615237168e-02
6.758083754540603061e-02
6.763594843231321430e-02
6.766232301946657757e-02
6.769069816840767029e-02
6.778927401872113234e-02
6.788987499099202738e-02
6.802566392027067921e-02
6.804735088763270989e-02
6.806703787343469647e-02
6.810581443255708800e-02
6.811092823778501504e-02
6.812304833778327906e-02
6.813470189440994085e-02
6.814122745009774940e-02
6.814260425412904665e-02
6.818087252830092038e-02
6.828642118392753979e-02
6.831452894196006487e-02
6.833302433475434146e-02
6.837175663351306720e-02
6.842285787761216709e-02
6.853782874309526096e-02
6.858747211366872376e-02
6.875917048020017963e-02
6.878477949567156358e-02
6.886542051843953793e-02
6.893682882016954894e-02
6.896537252324547174e-02
6.904309460663311804e-02
6.909272389416915017e-02
6.921478613164962213e-02
6.925995535541917825e-02
6.930230251154867460e-02
6.934263095219456163e-02
6.934472726614342164e-02
6.935255736127718396e-02
6.935949697764356991e-02
6.944276758336104249e-02
6.945333550434697190e-02
6.953065619084641824e-02
6.953745093669419508e-02
6.955712037937267223e-02
6.958422502754241235e-02
6.964299323102651762e-02
6.970688036653778508e-02
6.992740369197635031e-02
7.001477127128370725e-02
7.005547179416055092e-02
7.007982530532994025e-02
7.012378502130169056e-02
7.014309130347358423e-02
7.039182280916717049e-02
7.040377404223913116e-02
7.044732484300215980e-02
7.055951093607029656e-02
7.056057191808128015e-02
7.064475071582092258e-02
7.066158389232560233e-02
7.072157400907054525e-02
7.072530784283395655e-02
7.084587557408696112e-02
7.087200940330694310e-02
7.092302592982763221e-02
7.092870517185673185e-02
7.098113951070232630e-02
7.107961193659662058e-02
7.109638842166492168e-02
7.112807497451566208e-02
7.125849064761548279e-02
7.127278937485455323e-02
7.132324194808024875e-02
7.133399985583277481e-02
7.137582657572931477e-02
7.141313614756067407e-02
7.142016930135303143e-02
7.143147838705209141e-02
7.150630311954238316e-02
7.153474401985097930e-02
7.164114165009451141e-02
7.175291335621251931e-02
7.177175606006296060e-02
7.198688593798036051e-02
7.202708373520042007e-02
7.203321709346134638e-02
7.205842980118498664e-02
7.210180882401499847e-02
7.216646173907122208e-02
7.217908988997868980e-02
7.224201737594761197e-02
7.238614855726520358e-02
7.238829996597460903e-02
7.242390738103866854e-02
7.246048834184627696e-02
7.250197270066562061e-02
7.253067896681122950e-02
7.258543095074482254e-02
7.260006826418019532e-02
7.267283468673724212e-02
7.271676756094300198e-02
7.286629534126336238e-02
7.293579347332795892e-02
7.303478841596201809e-02
7.315869339391131709e-02
7.317063695600270479e-02
7.319844642572490012e-02
7.321595945436137898e-02
7.345005837680798622e-02
7.347978049047637628e-02
7.349710332766629106e-02
7.361228175503800597e-02
7.365189713991053544e-02
7.374173513491921739e-02
7.379629000799602101e-02
7.381287605264527651e-02
7.388807220644189044e-02
7.398911368911825770e-02
7.400923169239657928e-02
7.417353716966695876e-02
7.462009102644599767e-02
7.476687100061381319e-02
7.483971207311863882e-02
7.494649822286460206e-02
7.499091744364888568e-02
7.501577580173775239e-02
7.513317806207457650e-02
7.514430004174808830e-02
7.519335001644915362e-02
7.519545270941452308e-02
7.523926521337949425e-02
7.534563804618703287e-02
7.566345261028917246e-02
7.616961445121020469e-02
7.630028176733101575e-02
7.642667819863917245e-02
7.653720473373855360e-02
7.659682147393614970e-02
7.661509690527977534e-02
7.676040701804806576e-02
7.722607776755502362e-02
7.746334861977036135e-02
7.748388947137466176e-02
7.771405582541032753e-02
7.774687022855862606e-02
7.780238007035442105e-02
7.791355591068792330e-02
7.799516945973014592e-02
7.813361280721241309e-02
7.823927468020303033e-02
7.837450466937485871e-02
7.855351438669694319e-02
7.889919073974620278e-02
7.906753047770311016e-02
7.927758796891895554e-02
7.933707168586846825e-02
7.939609113607150326e-02
7.942293831513332070e-02
7.953727074355493309e-02
7.957809352245819035e-02
7.962147662405945348e-02
7.999204671597372196e-02
7.999630686478159669e-02
8.003322415442500060e-02
8.023931072777910900e-02
8.026472199763787230e-02
8.050851120046183251e-02
8.053167023255072832e-02
8.062887821681508083e-02
8.066675469550020627e-02
8.070354340407219496e-02
8.082985827561699199e-02
8.091121369086345938e-02
8.105298396217217038e-02
8.109645502321521926e-02
8.128933084494954775e-02
8.161282276579417960e-02
8.164852385701999726e-02
8.172307530689844335e-02
8.177462343469223127e-02
8.186067092278789814e-02
8.207015890999808105e-02
8.209564725525354822e-02
8.214012146620762456e-02
8.229390810968127690e-02
8.258116266884737988e-02
8.260805128316489609e-02
8.274016929864347336e-02
8.278566417443224135e-02
8.291089033539618403e-02
8.317456580548657219e-02
8.353281278283813949e-02
8.360851042961896240e-02
8.366740119294446831e-02
8.412192659632486413e-02
8.449839696475852646e-02
8.453358337602764894e-02
8.475039279217616572e-02
8.497872608948556228e-02
8.509365704824044252e-02
8.522119017302257071e-02
8.536516199371048386e-02
8.548345140708282774e-02
8.550447522923884658e-02
8.557890540712566330e-02
8.564639615676292173e-02
8.569344447798153686e-02
8.570021540675570870e-02
8.586302190621344921e-02
8.603116126909489403e-02
8.621714007135106161e-02
8.640364935857153261e-02
8.650693278904093841e-02
8.741184864819033506e-02
8.781215416737499224e-02
8.793508600614610704e-02
8.799183067222254850e-02
8.807535474286010135e-02
8.816114616155072692e-02
8.855587385009676404e-02
8.927903513792320722e-02
8.959971510657001315e-02
8.995876496264414157e-02
8.996010428716530449e-02
9.024743278605820707e-02
9.048240342034243044e-02
9.071092275686572226e-02
9.077850364014862505e-02
9.142692404182872767e-02
9.158112215998408245e-02
9.161999956375653509e-02
9.203764195230609846e-02
9.216905871777458792e-02
9.217030568086242992e-02
9.243214086148870967e-02
9.244838969251692462e-02
9.258653040798589529e-02
9.262261494204516998e-02
9.275500611214532176e-02
9.275738884499976078e-02
9.291345186189417515e-02
9.354350811122669196e-02
9.364963930207653720e-02
9.376156921987617576e-02
9.433713064482467103e-02
9.433794703336884080e-02
9.443605137960299489e-02
9.462526700467449592e-02
9.468940379805969310e-02
9.477484755039877751e-02
9.482105309533386817e-02
9.486084345130799123e-02
9.503672036725761829e-02
9.618785577919192198e-02
9.656416876651816028e-02
9.694678773771109315e-02
9.721300728149298576e-02
9.723493974115675342e-02
9.733635119359511367e-02
9.760210935717036906e-02
9.774590132620397664e-02
9.813328687660700933e-02
9.826470884495140667e-02
9.837999852103551657e-02
9.891752180769884661e-02
9.943794593147806116e-02
9.944121761128979498e-02
9.975655595408226828e-02
9.990778653260369568e-02
1.002100503170857831e-01
1.002924160113530805e-01
1.005136789411664316e-01
1.007947889292513943e-01
1.008038116702689169e-01
1.010310307203864805e-01
1.017203594676551193e-01
1.017884687052843240e-01
1.022491097553035327e-01
1.034439711621029240e-01
1.034758289682854576e-01
1.038696708496455040e-01
1.039514259064634044e-01
1.045596683022223944e-01
1.051677855260549077e-01
1.056714941661308083e-01
1.059936348609512580e-01
1.060412906352452139e-01
1.069639559792567030e-01
1.073274152594977104e-01
1.089572503000739989e-01
1.092910879528375817e-01
1.096848322869038161e-01
1.100195759518418914e-01
1.100433181880041411e-01
1.101449664839627279e-01
1.114258753844484806e-01
1.117854276712154649e-01
1.123856803701637347e-01
1.130846334944991538e-01
1.135005176891222406e-01
1.135706323037885407e-01
1.159668780574250740e-01
1.164274442516515518e-01
1.198845480356276472e-01
1.211458102982985729e-01
1.236266606175308314e-01
1.247277611419495419e-01
1.277527787850201157e-01
1.289848340418593697e-01
1.297432890625166979e-01
1.306020355461209592e-01
1.353653051341390801e-01
1.373458028044872992e-01
1.378100663230322209e-01
1.396673197830475555e-01
1.460903303112790486e-01
1.519103461043900816e-01
1.576085630102283808e-01
1.608524904310560388e-01
1.702469643959429735e-01
1.741095808414092339e-01
