3.586008354956998594e-03
3.594220972666472939e-03
3.771027950785958791e-03
3.799728830697261459e-03
3.837000875083661916e-03
3.851014067176499866e-03
3.959696525772806765e-03
3.964802618905013953e-03
3.998999558170160742e-03
4.086144677533275898e-03
4.165279174596441501e-03
4.196374897989436394e-03
4.199370222157577069e-03
4.199382384879280991e-03
4.223424172851221979e-03
4.236937852596512136e-03
4.238749898217145616e-03
4.278304735587571891e-03
4.280407354561971758e-03
4.291410621771928925e-03
4.304858098808227174e-03
4.356384343911329574e-03
4.363514881674171800e-03
4.377851347933873864e-03
4.388396281539076044e-03
4.399783746245908810e-03
4.431820923509219128e-03
4.495090919307666646e-03
4.507513254517453438e-03
4.512573979038043970e-03
4.521994842212669931e-03
4.525536098271862144e-03
4.529798410346522197e-03
4.551558859754632758e-03
4.562129789968008380e-03
4.592632041292748872e-03
4.603536443333166271e-03
4.629340579130634958e-03
4.693707628638610005e-03
4.717089168137401402e-03
4.725212632731901931e-03
4.742166628114519514e-03
4.751560186955577046e-03
4.767981951648670585e-03
4.777680246415481197e-03
4.789650084001595941e-03
4.791223835169542734e-03
4.794565456547868719e-03
4.800600564026932283e-03
4.802899131398124383e-03
4.814520145903406628e-03
4.815863901210688629e-03
4.816770563620235285e-03
4.848783532907676927e-03
4.872561522179924380e-03
4.893602936557682470e-03
4.894309740349412317e-03
4.898584997066200535e-03
4.912575576707284980e-03
4.914772011833415735e-03
4.916136528348967645e-03
4.924935104791487196e-03
4.935169161344511203e-03
4.938250894217530683e-03
4.948105513621386259e-03
4.961278614388553443e-03
4.995921320984137229e-03
4.997517564062096442e-03
5.019165269069213002e-03
5.024898987139031839e-03
5.054430590512673863e-03
5.058161351542813343e-03
5.064197347215844067e-03
5.065871322181107750e-03
5.071564256883603558e-03
5.073460895873950667e-03
5.092487752812897665e-03
5.096108940480951165e-03
5.109746732430670013e-03
5.128873332713293487e-03
5.134818835976902481e-03
5.159983134625776603e-03
5.163169001439259741e-03
5.165051033198910999e-03
5.166706623392526045e-03
5.167204997614531677e-03
5.172877330505055819e-03
5.173449968231401408e-03
5.191663851092510711e-03
5.201088025414380214e-03
5.216773730497797738e-03
5.220760266900972314e-03
5.233036313008100279e-03
5.236355554690865118e-03
5.248320611606179659e-03
5.255594148184625745e-03
5.255926670186713591e-03
5.258177832800431210e-03
5.258932070801974543e-03
5.259588097369659147e-03
5.265618453822612857e-03
5.273268541390252299e-03
5.274876128805208210e-03
5.278542403226563033e-03
5.279720432867381595e-03
5.284275047982744250e-03
5.290623608682894392e-03
5.304787363313945812e-03
5.323584204952932358e-03
5.324616077017523333e-03
5.341738710051544860e-03
5.349353953538350109e-03
5.356265588913914841e-03
5.358657317906641293e-03
5.363283642222434026e-03
5.364061030239581501e-03
5.377527732733995876e-03
5.377653527412880330e-03
5.404239741160869574e-03
5.405763204807052455e-03
5.406893120827033564e-03
5.422210103064795637e-03
5.426231252358293226e-03
5.426446334663674077e-03
5.427145786908208272e-03
5.432259142624446153e-03
5.446775361600882971e-03
5.448291467747795429e-03
5.466036159609737391e-03
5.468729895685778448e-03
5.473120646659977023e-03
5.484041233222929947e-03
5.493041085370993851e-03
5.493374549146667896e-03
5.499167399625314728e-03
5.499743289689614824e-03
5.501963869712168942e-03
5.504601043036645019e-03
5.515829218465631741e-03
5.525883150339045563e-03
5.526725294499398519e-03
5.539371911224978684e-03
5.546895620480817371e-03
5.551010788421875848e-03
5.556129838244760859e-03
5.559647508793386789e-03
5.570289635283920925e-03
5.575182544422956944e-03
5.577793123367808317e-03
5.582949663189046459e-03
5.590089362499764056e-03
5.590641855921309016e-03
5.595162582193806931e-03
5.597506311924292308e-03
5.617390320965262064e-03
5.617881561334409427e-03
5.618150511058440932e-03
5.643375404169656030e-03
5.643738866969274723e-03
5.655248303161764661e-03
5.659523423268163211e-03
5.661116254721569249e-03
5.667980115490146506e-03
5.668344163665556441e-03
5.669207331676521210e-03
5.670024844933364665e-03
5.673481109612851965e-03
5.681567505786603786e-03
5.703831774048622426e-03
5.708922886575762412e-03
5.723871938011878407e-03
5.725873063097658422e-03
5.733411896728678181e-03
5.740651568844035504e-03
5.740977034605332895e-03
5.746802863134923417e-03
5.749977229581404968e-03
5.752258663370009642e-03
5.753054269427269191e-03
5.757871902454618322e-03
5.760078542087270978e-03
5.777085753729976382e-03
5.784055960305499802e-03
5.788883859369709818e-03
5.794553286350582165e-03
5.796306269889831171e-03
5.798432418198957300e-03
5.799229952243467601e-03
5.804072996795124270e-03
5.808880846614787596e-03
5.825474310533743441e-03
5.842904755899418039e-03
5.847930078522958416e-03
5.848053868860438216e-03
5.856541798071088212e-03
5.865840414467324813e-03
5.869562336002810687e-03
5.876657503539452730e-03
5.879722451191302622e-03
5.887672074224740981e-03
5.898437171862851505e-03
5.900757765932242507e-03
5.909120587629646676e-03
5.912969024376867402e-03
5.914388601636661087e-03
5.922067104218541392e-03
5.933333517419844653e-03
5.935209884510267431e-03
5.940299015313359535e-03
5.961467907514127022e-03
5.969665764854352463e-03
5.972031489992272492e-03
5.972036851600869695e-03
5.981122280154039898e-03
5.987488820193529425e-03
5.991292613542671154e-03
5.993856156360798972e-03
5.997078403196726311e-03
6.000824589255170788e-03
6.012411116655539019e-03
6.016366492665075824e-03
6.020289253334039359e-03
6.022839864397146192e-03
6.026823949221769491e-03
6.027710898351768334e-03
6.028111710557378621e-03
6.047739889546665387e-03
6.067981785920669759e-03
6.071861196246160393e-03
6.072895358692692765e-03
6.076033295169987192e-03
6.077626323624062479e-03
6.077907146892279171e-03
6.079300565760397020e-03
6.084094971091848388e-03
6.085563349446409739e-03
6.089762474462561553e-03
6.091578804062117505e-03
6.096003331572963542e-03
6.097642949435841050e-03
6.109023718842717873e-03
6.109511235966032065e-03
6.119683574076424312e-03
6.129435513509510006e-03
6.133068044097560872e-03
6.138756448857103816e-03
6.139702781822901911e-03
6.140468536511858866e-03
6.144053428559439686e-03
6.161993490011796054e-03
6.169314646521057571e-03
6.169473986696332249e-03
6.169857101309675872e-03
6.172777690147532824e-03
6.178897288885888336e-03
6.181997491555265949e-03
6.185224836316930222e-03
6.191108939651589899e-03
6.192271344221808235e-03
6.199928572803117821e-03
6.202973568183715002e-03
6.205296113576072928e-03
6.207793121798726131e-03
6.210710880309551311e-03
6.211926074332053960e-03
6.214917268599319360e-03
6.218223868820783699e-03
6.222521301101842199e-03
6.235835439486039043e-03
6.236642317319678920e-03
6.238477198762129236e-03
6.240085223683868552e-03
6.251652106855250246e-03
6.254517801879152725e-03
6.259341371330853082e-03
6.260963431282993291e-03
6.287593718564054787e-03
6.301141705777722410e-03
6.305670162525728317e-03
6.307015392127650680e-03
6.316670779422450983e-03
6.320903859442781811e-03
6.321436713867217665e-03
6.323539124793994999e-03
6.328916890691600738e-03
6.340091097088799629e-03
6.342594639589135136e-03
6.344923943872125133e-03
6.346721801243114004e-03
6.353328957175252353e-03
6.361054055058781853e-03
6.383752052426872221e-03
6.387351697091473400e-03
6.395219177847626113e-03
6.395470322080068666e-03
6.398362102367893128e-03
6.402710508068229674e-03
6.403010317272170987e-03
6.412780009135820442e-03
6.415926705224686555e-03
6.418132402311592898e-03
6.422353524318436327e-03
6.442352872643733463e-03
6.446308045427494651e-03
6.453582261395622403e-03
6.455194240858510256e-03
6.459395945983529945e-03
6.468765588355344064e-03
6.472386287120312012e-03
6.473141528305270155e-03
6.476629875071108697e-03
6.483219051634486751e-03
6.484592977768632513e-03
6.486459531217187401e-03
6.489819022802023260e-03
6.494226901239260816e-03
6.498587304544429719e-03
6.506680438417868778e-03
6.509064048219584744e-03
6.512857246093029136e-03
6.517591470689405517e-03
6.518638077120755304e-03
6.538812548816711444e-03
6.549470744915009829e-03
6.552762263828977064e-03
6.556064202228067961e-03
6.567438225470389850e-03
6.576772579669417328e-03
6.587390116424567295e-03
6.594961371600644232e-03
6.601433031062457595e-03
6.605285706739755062e-03
6.606814435559921379e-03
6.607882232708784352e-03
6.611744364865411450e-03
6.620156209916924425e-03
6.636803595437568322e-03
6.639257250821130329e-03
6.641869654981124790e-03
6.647242773333998656e-03
6.657168491663430221e-03
6.659693727425761503e-03
6.666506317956291498e-03
6.670034796088387084e-03
6.674580428344078359e-03
6.679809292777390967e-03
6.680063426510202997e-03
6.683797104628766590e-03
6.684106487241487163e-03
6.684628059882776439e-03
6.700951009408363107e-03
6.702156878896683642e-03
6.703793492478866273e-03
6.708374668950737273e-03
6.711188222856707790e-03
6.712584338176635738e-03
6.712958961590939459e-03
6.717272646447190743e-03
6.725784693803648490e-03
6.735331517251777651e-03
6.737226436860259578e-03
6.748320708534156186e-03
6.748872607288698873e-03
6.749431573660115251e-03
6.753830258797740779e-03
6.756039915288241174e-03
6.763469368109609886e-03
6.765324275433266983e-03
6.765939620475988625e-03
6.780367423440597507e-03
6.797598831678339226e-03
6.798738390614377132e-03
6.800778935430648250e-03
6.835261798520834986e-03
6.840942197733269024e-03
6.841794745444181210e-03
6.845592528975214495e-03
6.846544945462938389e-03
6.849326357091729649e-03
6.849551967491836375e-03
6.849821450149968377e-03
6.855371732088145174e-03
6.856004239391364982e-03
6.870314721037749234e-03
6.870872259145555799e-03
6.878480983190378255e-03
6.878504560013953308e-03
6.883435708827660010e-03
6.884234323533053139e-03
6.885526409295667123e-03
6.891864126415360101e-03
6.892007877808455606e-03
6.896678908509298010e-03
6.912128147821463425e-03
6.912247029251356381e-03
6.922347396244353870e-03
6.927282145992911221e-03
6.928577220413517299e-03
6.937886252155195908e-03
6.950075577682271813e-03
6.965449111478465641e-03
6.965823616692807391e-03
6.967749374634465455e-03
6.970728554250100496e-03
6.987668332408088732e-03
7.011873017024781822e-03
7.012063503889550548e-03
7.014012127876378781e-03
7.024798688670918535e-03
7.025764164401438090e-03
7.027264667898501342e-03
7.048738975908790984e-03
7.051554961583324926e-03
7.058599464663225034e-03
7.060771879365320552e-03
7.063607709061184292e-03
7.066055243000639481e-03
7.068584782928759302e-03
7.074549072913996310e-03
7.075177388511110638e-03
7.075401276348152087e-03
7.077900362252798755e-03
7.082448073384005338e-03
7.083125806449438490e-03
7.083888055591608564e-03
7.092947913928686690e-03
7.093316056611565813e-03
7.108303444135880694e-03
7.111198566439009411e-03
7.112456958290748477e-03
7.121615630294285057e-03
7.129195642904731685e-03
7.139510624972972633e-03
7.141040981684180534e-03
7.147144624014213805e-03
7.156746410373099505e-03
7.164457558624512043e-03
7.165129543861476803e-03
7.165701698266345801e-03
7.173062920383163794e-03
7.179518364615500303e-03
7.185100349876809636e-03
7.187538538622167093e-03
7.189366044225734172e-03
7.198044192858047904e-03
7.200062436944422613e-03
7.201951542533692290e-03
7.205338422461391758e-03
7.205545665270144361e-03
7.225222006551898675e-03
7.227323860902561820e-03
7.231635745075423380e-03
7.240607960012940270e-03
7.242068084292804450e-03
7.249431858063854969e-03
7.251855437186085704e-03
7.260259738895128920e-03
7.271558615003182076e-03
7.274463914615996764e-03
7.274917254345043827e-03
7.277332440346915253e-03
7.285882406141122071e-03
7.288855581321118313e-03
7.289822693928395270e-03
7.315702399490338695e-03
7.319338259118444469e-03
7.323215948433737903e-03
7.324928251299427095e-03
7.326919643945610690e-03
7.330979930959900803e-03
7.340431846857478800e-03
7.347525269364971884e-03
7.351498456257469886e-03
7.360907341954155830e-03
7.367134913211250552e-03
7.369379941262983041e-03
7.370372509796952083e-03
7.376772865283773642e-03
7.380309003888703423e-03
7.383384767958800499e-03
7.396270450973315043e-03
7.412080518089938716e-03
7.413578879864717204e-03
7.423923400732352490e-03
7.425771926135328431e-03
7.430059461496351693e-03
7.430996910579031924e-03
7.434817039116028807e-03
7.439921293178835757e-03
7.467913240509353387e-03
7.477633770525802907e-03
7.479796349520150163e-03
7.486942941512756550e-03
7.494798789169000545e-03
7.496960587172187170e-03
7.505628892958665643e-03
7.507427156363138260e-03
7.508360153532578525e-03
7.508912499061053299e-03
7.509410740442488789e-03
7.512105958921593864e-03
7.524283417620274833e-03
7.528749537476795220e-03
7.540527353694611787e-03
7.547007523086118365e-03
7.553503908498101008e-03
7.557099771266113757e-03
7.561433032821429819e-03
7.570202537558592959e-03
7.574024457161391589e-03
7.576946486743381046e-03
7.586910114506379733e-03
7.590211905015934075e-03
7.599969772002183356e-03
7.608642460708779816e-03
7.614943869443319309e-03
7.615283900922178474e-03
7.623633304785931188e-03
7.629279027569327125e-03
7.631992290808852462e-03
7.632502720267788331e-03
7.645189161506623331e-03
7.651643370214418656e-03
7.652077375725604459e-03
7.657157383475315243e-03
7.667296836777684130e-03
7.671972915451976370e-03
7.686680857185399472e-03
7.689562157206246765e-03
7.695040075253399212e-03
7.696095865273116197e-03
7.700426061803493545e-03
7.706110621964252193e-03
7.708023433986216366e-03
7.718598676775992144e-03
7.726149235861010274e-03
7.740714886955205563e-03
7.744795950944337662e-03
7.747041209749364228e-03
7.750423163879894238e-03
7.752727278772449625e-03
7.759234595765424243e-03
7.771034155456171821e-03
7.777186621215737873e-03
7.795905140089988763e-03
7.799022886333220432e-03
7.802381937277632837e-03
7.806219247524617648e-03
7.814753797710936173e-03
7.821225737424898281e-03
7.826645773046004076e-03
7.828006086530952742e-03
7.836889505432308514e-03
7.861747737848466880e-03
7.865506918965710359e-03
7.868470004403020288e-03
7.872729143256122428e-03
7.879941093591228199e-03
7.880497868216576954e-03
7.888823602715692995e-03
7.889351165596704060e-03
7.898376682432050461e-03
7.908031639429173934e-03
7.910273333783643737e-03
7.914456237913184214e-03
7.915709238952071611e-03
7.917706283255179778e-03
7.934262606052939690e-03
7.943340727954740013e-03
7.954615198230126707e-03
7.961243121890575550e-03
7.962547805423568492e-03
7.968099611540161581e-03
7.976780974480452216e-03
7.978807334434305856e-03
7.978911965720940705e-03
7.986343693709947039e-03
7.987445808290976820e-03
7.987677041370920897e-03
8.001238671368001917e-03
8.002098168662378358e-03
8.008160867175463660e-03
8.012033048067513513e-03
8.016961973527046703e-03
8.018044714552868477e-03
8.018249078967216309e-03
8.028532421956153728e-03
8.032002920927323875e-03
8.035550789134173616e-03
8.037185074191455572e-03
8.040734880487600267e-03
8.042482015396944239e-03
8.048140812871463351e-03
8.049277846046016746e-03
8.056444913372892355e-03
8.057576949173660130e-03
8.064828494796696251e-03
8.066697271552406706e-03
8.069996044006830585e-03
8.079436221581958247e-03
8.083654190991560254e-03
8.098109720692794541e-03
8.102805534497024148e-03
8.103628494434260768e-03
8.106851666761678843e-03
8.109212927546660329e-03
8.110296047334673852e-03
8.110441103897147314e-03
8.111500993638743121e-03
8.113513056686231378e-03
8.113734853748269180e-03
8.123319415835866114e-03
8.132482510161583023e-03
8.132669669979677995e-03
8.140319792349623440e-03
8.155191685120029288e-03
8.156512783325542762e-03
8.160568406041717598e-03
8.179604334285755368e-03
8.180006990128968480e-03
8.181436146555642885e-03
8.186645874545856946e-03
8.188788075201385713e-03
8.203160181707509421e-03
8.205743029703246524e-03
8.209866328855423487e-03
8.262310464731638729e-03
8.277691645985910812e-03
8.286865268153597447e-03
8.303541929175648970e-03
8.306067056812320784e-03
8.307602849416926422e-03
8.320342125560873867e-03
8.334280272597284489e-03
8.339526631691124639e-03
8.343714996542147752e-03
8.350767379639341056e-03
8.351157121831988620e-03
8.351540120811818194e-03
8.352344327593717171e-03
8.364051456591333270e-03
8.365957299868491404e-03
8.375643701734559673e-03
8.377303625325897840e-03
8.382177276764914142e-03
8.387472467947017923e-03
8.388876656512783345e-03
8.391880574371221591e-03
8.406706346473502567e-03
8.410598665720601941e-03
8.418037693870316848e-03
8.425935844562861335e-03
8.440343704754989934e-03
8.455260217586512209e-03
8.462671747599339808e-03
8.465758196547370704e-03
8.467050559184426464e-03
8.478574538545972580e-03
8.485436023784405715e-03
8.492608141398974575e-03
8.497361335036559410e-03
8.501185179229374042e-03
8.521855842070586926e-03
8.523376112538902719e-03
8.536961738280897383e-03
8.537944372325792161e-03
8.538903447373515435e-03
8.542186107061448472e-03
8.547232627174265740e-03
8.554235166130049264e-03
8.554285948682613383e-03
8.562887957073734430e-03
8.577993417316623001e-03
8.581660445697320699e-03
8.583855885393436996e-03
8.600036054855266301e-03
8.606964689839470203e-03
8.607961462935102490e-03
8.608045586144833991e-03
8.618013505631329230e-03
8.618028394452888555e-03
8.619389515695550369e-03
8.627242221906066683e-03
8.631725025118490435e-03
8.640741935856045830e-03
8.653133713515960210e-03
8.668881339329997937e-03
8.675299507021288700e-03
8.681338213491818223e-03
8.686711788282289876e-03
8.711641215636065430e-03
8.713335366164837170e-03
8.718939757828305520e-03
8.761820690941857573e-03
8.763919419278634604e-03
8.786948370365353991e-03
8.790330916546428008e-03
8.803737858365663985e-03
8.804749097332772653e-03
8.807690435846388458e-03
8.810265544342148897e-03
8.816672701644307983e-03
8.817258673755103485e-03
8.830821120705710167e-03
8.833458805545285619e-03
8.835239818055081948e-03
8.853469397709083644e-03
8.861028194870109592e-03
8.869611878584255163e-03
8.899951042649258820e-03
8.916342934715069946e-03
8.929086440540768069e-03
8.945566753283460196e-03
8.950199939643622288e-03
8.951224848263128822e-03
8.967408127747414706e-03
8.983439747578550461e-03
8.988051587013818136e-03
9.003495575431893355e-03
9.007318773051621250e-03
9.007417745587911057e-03
9.008658045011681131e-03
9.011585133826952032e-03
9.012655505124660474e-03
9.012883519373049088e-03
9.024352185973751397e-03
9.032736816827750814e-03
9.034683155867041446e-03
9.036922407973929997e-03
9.046049317384494137e-03
9.067951932472263776e-03
9.074382707246727089e-03
9.078385800971111932e-03
9.101672362637449470e-03
9.120829489461820469e-03
9.145134517386320494e-03
9.153728411810866522e-03
9.166121179679702705e-03
9.169777340274307478e-03
9.177139988842114918e-03
9.184599468754427523e-03
9.185170938616413205e-03
9.204253231060140553e-03
9.207186113558630397e-03
9.221488645171487322e-03
9.231890572042412979e-03
9.233037852001730814e-03
9.239234080638293600e-03
9.244275046692371905e-03
9.247774159672846397e-03
9.258349241309306657e-03
9.273674267018635481e-03
9.279330805900494472e-03
9.281137411867673714e-03
9.299659367640926433e-03
9.310935361040785160e-03
9.315409139739789374e-03
9.330273040053783246e-03
9.338056039605894046e-03
9.363577777216773243e-03
9.393667686451402307e-03
9.411921348300386972e-03
9.423902882567135320e-03
9.425189791820623442e-03
9.427284558291500888e-03
9.468518078571875121e-03
9.480490670444628037e-03
9.482165509348289972e-03
9.486482383948119032e-03
9.487705771083085327e-03
9.504122656525906820e-03
9.504565490153965568e-03
9.506028505659411612e-03
9.528737628797415843e-03
9.548611612007880389e-03
9.554927294417933994e-03
9.568693838904931276e-03
9.589065849361842059e-03
9.595367193483691354e-03
9.595544502097064568e-03
9.614545635137410062e-03
9.625793141779345752e-03
9.628348987574383497e-03
9.645105002719001411e-03
9.652943200576857841e-03
9.669446100140203365e-03
9.674100271725213224e-03
9.679463058611628701e-03
9.682595137876726099e-03
9.692910537874717750e-03
9.703677695786873392e-03
9.704639419268608694e-03
9.710679165246991276e-03
9.720773386445847805e-03
9.735464518716945362e-03
9.743939802761829305e-03
9.745884021939425768e-03
9.746389546859269074e-03
9.768769007669252449e-03
9.777405775523462586e-03
9.780786030708891673e-03
9.793901160347975171e-03
9.797479902916159805e-03
9.828010249761367709e-03
9.828112367678195141e-03
9.836803515851718846e-03
9.840146879514516040e-03
9.844630709216158071e-03
9.847262431880462671e-03
9.864107933123091379e-03
9.869645724897620903e-03
9.869902991498789163e-03
9.871841358118839393e-03
9.875748875632382739e-03
9.917117550958053085e-03
9.920521903147787313e-03
9.930236672888122229e-03
9.933808750607569724e-03
9.943875721200687301e-03
9.949822624966974532e-03
9.953877369968009217e-03
9.954623914928767414e-03
9.970761992253286340e-03
1.001597498894244397e-02
1.003701765658132454e-02
1.003987563918858940e-02
1.005431000546755382e-02
1.006478239059493095e-02
1.006717985573333737e-02
1.007308256843734290e-02
1.007624271282979087e-02
1.008607705026650161e-02
1.008612796170349664e-02
1.009271647672121963e-02
1.010500280054182562e-02
1.011277967450293323e-02
1.012586705467864896e-02
1.013236420850189244e-02
1.013417072538535559e-02
1.014206657256051802e-02
1.014529217512162573e-02
1.016435470374224548e-02
1.016757289324332972e-02
1.017181718915265154e-02
1.018285925529276680e-02
1.019949499283906089e-02
1.022885051824728650e-02
1.022934184794277793e-02
1.026419916530954372e-02
1.027024799424175634e-02
1.027204561319341666e-02
1.027816889064655896e-02
1.027881784292840328e-02
1.030945817672765039e-02
1.032345947417812916e-02
1.032591513796084562e-02
1.033382202292272567e-02
1.036411694453095479e-02
1.039533196092629931e-02
1.040716556446354135e-02
1.043177260990322576e-02
1.043954800417968599e-02
1.044135989042878875e-02
1.045770423368862397e-02
1.048541802551901728e-02
1.048894803971543721e-02
1.049119777858268342e-02
1.050705670106235647e-02
1.051215316909709721e-02
1.051590112996307613e-02
1.055215027072325604e-02
1.057466237888386208e-02
1.057814985968606736e-02
1.061095525810969512e-02
1.063751703768905758e-02
1.065944279358511416e-02
1.066015667289546900e-02
1.066434436261307940e-02
1.066487170195283204e-02
1.069741630599519745e-02
1.069986026517742543e-02
1.073260708190574599e-02
1.075071702747215467e-02
1.077611736182276791e-02
1.078066395021494775e-02
1.084304412947731562e-02
1.091884347981847241e-02
1.093999191387303761e-02
1.094454888523706260e-02
1.096094563239708927e-02
1.100295606688752974e-02
1.103036873484187184e-02
1.104328122971825858e-02
1.105428444206488572e-02
1.107780108748636361e-02
1.109236696059915164e-02
1.113545318414234375e-02
1.114572493371704387e-02
1.115258405274437842e-02
1.122501243788476960e-02
1.122887549101903547e-02
1.124844394924450798e-02
1.127601006809151457e-02
1.129129070915033291e-02
1.130370354373125968e-02
1.139061521464988791e-02
1.140724356709749664e-02
1.140738006678424475e-02
1.142626538440432576e-02
1.142762390714739847e-02
1.145567579512924740e-02
1.146632983991731879e-02
1.147831954720366157e-02
1.149397179728289461e-02
1.155578182699545237e-02
1.161023250603388478e-02
1.161726229240555609e-02
1.163504863911169786e-02
1.163775830061461111e-02
1.166168645394759229e-02
1.167061820652509456e-02
1.167826910317803363e-02
1.171706402690168153e-02
1.178489602055917372e-02
1.179292314755261799e-02
1.182743355068468193e-02
1.186407216891969575e-02
1.192304282363665369e-02
1.193947724209356610e-02
1.194961759872403308e-02
1.197383329560953308e-02
1.200033925714916010e-02
1.200710775931468528e-02
1.200940324284574534e-02
1.201463741888563093e-02
1.205597077105217095e-02
1.205812177680432203e-02
1.206132462682042890e-02
1.211657615646940557e-02
1.211729962826115815e-02
1.213372196372939325e-02
1.213915885655401233e-02
1.215724545717362590e-02
1.217213597599024928e-02
1.220073670375310636e-02
1.222767448151622360e-02
1.224335360988656161e-02
1.225703771451422050e-02
1.226874718805858258e-02
1.227116239745438056e-02
1.227977717312030495e-02
1.231728266496498990e-02
1.242531300086104247e-02
1.244739883265179488e-02
1.245377696746558308e-02
1.247650829700700653e-02
1.249694220804921374e-02
1.257274771237449490e-02
1.269312294526404698e-02
1.275522094152653323e-02
1.279238132968302938e-02
1.282208134994167019e-02
1.283271225249382058e-02
1.287066707137608963e-02
1.289518480859028551e-02
1.294507564430369233e-02
1.296085755705109026e-02
1.296689617668729012e-02
1.304390352095982468e-02
1.311951490756687981e-02
1.317253794549051032e-02
1.322543568132215040e-02
1.324645023098464103e-02
1.332844225226294081e-02
1.334972753383618406e-02
1.341210449149760411e-02
1.341431072679041478e-02
1.364725158407136506e-02
1.367797231204588571e-02
1.367987073939965631e-02
1.374173682861272797e-02
1.383017838625015712e-02
1.384230756762249229e-02
1.386006437886780351e-02
1.409579948910124648e-02
1.410633713298972865e-02
1.413474277151375441e-02
1.424004017928460174e-02
1.428872315975535622e-02
1.431095014817622239e-02
1.434649441539584923e-02
1.436507319812937306e-02
1.440492154666140126e-02
1.442979683820146478e-02
1.443310282720182761e-02
1.443653694677449542e-02
1.462176780558225621e-02
1.483145297185397768e-02
1.513384153861574259e-02
1.520456270791505776e-02
1.522500786706357592e-02
1.537753933354475862e-02
1.548611616585906375e-02
1.557465845369209248e-02
1.559007243381324917e-02
1.563728577962185395e-02
1.567948819227851440e-02
1.568564627422644464e-02
1.572365155840761003e-02
1.579569219606021674e-02
1.582563992407827816e-02
1.590013554981562632e-02
1.609572457182768465e-02
1.643479745591630223e-02
1.658411881556257073e-02
1.661064385887233569e-02
1.685807706365009470e-02
1.706046386922987351e-02
1.733266121268923002e-02
1.792654363578297799e-02
1.947281270501412948e-02
2.002069241641286912e-02
2.105726360498503050e-02
2.148733833755941611e-02
