1.299999999999999940e-02
1.449999999999999900e-01
1.449999999999999900e-01
2.260000000000000064e-01
2.899999999999999800e-01
2.899999999999999800e-01
2.899999999999999800e-01
2.899999999999999800e-01
2.909999999999999809e-01
2.909999999999999809e-01
2.969999999999999862e-01
2.989999999999999880e-01
4.329999999999999960e-01
4.359999999999999987e-01
4.390000000000000013e-01
4.470000000000000084e-01
4.540000000000000147e-01
5.789999999999999591e-01
5.809999999999999609e-01
5.809999999999999609e-01
5.819999999999999618e-01
5.819999999999999618e-01
5.849999999999999645e-01
6.860000000000000542e-01
7.239999999999999769e-01
7.259999999999999787e-01
7.259999999999999787e-01
7.269999999999999796e-01
7.269999999999999796e-01
7.369999999999999885e-01
8.709999999999999964e-01
8.709999999999999964e-01
8.719999999999999973e-01
8.719999999999999973e-01
8.719999999999999973e-01
8.820000000000000062e-01
9.070000000000000284e-01
1.016999999999999904e+00
1.016999999999999904e+00
1.016999999999999904e+00
1.018999999999999906e+00
1.161000000000000032e+00
1.161999999999999922e+00
1.163000000000000034e+00
1.191000000000000059e+00
1.205000000000000071e+00
1.306999999999999940e+00
1.308000000000000052e+00
1.453999999999999959e+00
1.453999999999999959e+00
1.582999999999999963e+00
1.586000000000000076e+00
1.739000000000000101e+00
1.743999999999999995e+00
