4.882812500000000000e-04
4.882812500000000000e-04
4.882812500000000000e-04
9.765625000000000000e-04
9.765625000000000000e-04
1.464843750000000000e-03
1.464843750000000000e-03
1.953125000000000000e-03
2.441406250000000000e-03
2.441406250000000000e-03
2.441406250000000000e-03
2.441406250000000000e-03
2.929687500000000000e-03
3.417968750000000000e-03
3.417968750000000000e-03
3.906250000000000000e-03
3.906250000000000000e-03
3.906250000000000000e-03
4.394531250000000000e-03
4.394531250000000000e-03
4.882812500000000000e-03
4.882812500000000000e-03
4.882812500000000000e-03
4.882812500000000000e-03
5.371093750000000000e-03
5.371093750000000000e-03
5.859375000000000000e-03
6.347656250000000000e-03
6.347656250000000000e-03
6.347656250000000000e-03
6.835937500000000000e-03
6.835937500000000000e-03
6.835937500000000000e-03
7.324218750000000000e-03
7.324218750000000000e-03
7.324218750000000000e-03
7.812500000000000000e-03
7.812500000000000000e-03
8.300781250000000000e-03
8.300781250000000000e-03
8.300781250000000000e-03
8.300781250000000000e-03
8.300781250000000000e-03
8.789062500000000000e-03
8.789062500000000000e-03
8.789062500000000000e-03
8.789062500000000000e-03
9.277343750000000000e-03
9.277343750000000000e-03
9.277343750000000000e-03
9.277343750000000000e-03
9.765625000000000000e-03
9.765625000000000000e-03
9.765625000000000000e-03
1.025390625000000000e-02
1.025390625000000000e-02
1.025390625000000000e-02
1.025390625000000000e-02
1.074218750000000000e-02
1.074218750000000000e-02
1.074218750000000000e-02
1.074218750000000000e-02
1.074218750000000000e-02
1.123046875000000000e-02
1.123046875000000000e-02
1.123046875000000000e-02
1.171875000000000000e-02
1.171875000000000000e-02
1.171875000000000000e-02
1.171875000000000000e-02
1.220703125000000000e-02
1.220703125000000000e-02
1.220703125000000000e-02
1.220703125000000000e-02
1.269531250000000000e-02
1.318359375000000000e-02
1.318359375000000000e-02
1.318359375000000000e-02
1.318359375000000000e-02
1.367187500000000000e-02
1.367187500000000000e-02
1.367187500000000000e-02
1.367187500000000000e-02
1.416015625000000000e-02
1.416015625000000000e-02
1.464843750000000000e-02
1.464843750000000000e-02
1.464843750000000000e-02
1.513671875000000000e-02
1.562500000000000000e-02
1.562500000000000000e-02
1.562500000000000000e-02
1.562500000000000000e-02
1.562500000000000000e-02
1.562500000000000000e-02
1.562500000000000000e-02
1.562500000000000000e-02
1.562500000000000000e-02
1.611328125000000000e-02
1.660156250000000000e-02
1.660156250000000000e-02
1.660156250000000000e-02
1.660156250000000000e-02
1.660156250000000000e-02
1.660156250000000000e-02
1.708984375000000000e-02
1.708984375000000000e-02
1.708984375000000000e-02
1.708984375000000000e-02
1.708984375000000000e-02
1.708984375000000000e-02
1.708984375000000000e-02
1.708984375000000000e-02
1.757812500000000000e-02
1.757812500000000000e-02
1.757812500000000000e-02
1.806640625000000000e-02
1.806640625000000000e-02
1.806640625000000000e-02
1.806640625000000000e-02
1.855468750000000000e-02
1.855468750000000000e-02
1.855468750000000000e-02
1.855468750000000000e-02
1.855468750000000000e-02
1.855468750000000000e-02
1.855468750000000000e-02
1.904296875000000000e-02
1.904296875000000000e-02
1.904296875000000000e-02
1.904296875000000000e-02
1.953125000000000000e-02
1.953125000000000000e-02
1.953125000000000000e-02
1.953125000000000000e-02
2.001953125000000000e-02
2.001953125000000000e-02
2.001953125000000000e-02
2.001953125000000000e-02
2.001953125000000000e-02
2.001953125000000000e-02
2.001953125000000000e-02
2.050781250000000000e-02
2.099609375000000000e-02
2.099609375000000000e-02
2.099609375000000000e-02
2.099609375000000000e-02
2.099609375000000000e-02
2.148437500000000000e-02
2.148437500000000000e-02
2.148437500000000000e-02
2.148437500000000000e-02
2.197265625000000000e-02
2.197265625000000000e-02
2.197265625000000000e-02
2.246093750000000000e-02
2.246093750000000000e-02
2.246093750000000000e-02
2.246093750000000000e-02
2.246093750000000000e-02
2.246093750000000000e-02
2.294921875000000000e-02
2.294921875000000000e-02
2.294921875000000000e-02
2.294921875000000000e-02
2.343750000000000000e-02
2.343750000000000000e-02
2.343750000000000000e-02
2.343750000000000000e-02
2.392578125000000000e-02
2.392578125000000000e-02
2.441406250000000000e-02
2.441406250000000000e-02
2.490234375000000000e-02
2.490234375000000000e-02
2.490234375000000000e-02
2.490234375000000000e-02
2.490234375000000000e-02
2.539062500000000000e-02
2.587890625000000000e-02
2.587890625000000000e-02
2.587890625000000000e-02
2.587890625000000000e-02
2.636718750000000000e-02
2.636718750000000000e-02
2.636718750000000000e-02
2.636718750000000000e-02
2.636718750000000000e-02
2.685546875000000000e-02
2.685546875000000000e-02
2.734375000000000000e-02
2.734375000000000000e-02
2.734375000000000000e-02
2.734375000000000000e-02
2.734375000000000000e-02
2.734375000000000000e-02
2.734375000000000000e-02
2.783203125000000000e-02
2.783203125000000000e-02
2.783203125000000000e-02
2.832031250000000000e-02
2.832031250000000000e-02
2.832031250000000000e-02
2.832031250000000000e-02
2.832031250000000000e-02
2.832031250000000000e-02
2.880859375000000000e-02
2.880859375000000000e-02
2.929687500000000000e-02
2.929687500000000000e-02
2.929687500000000000e-02
2.978515625000000000e-02
2.978515625000000000e-02
3.027343750000000000e-02
3.027343750000000000e-02
3.027343750000000000e-02
3.027343750000000000e-02
3.027343750000000000e-02
3.027343750000000000e-02
3.027343750000000000e-02
3.027343750000000000e-02
3.027343750000000000e-02
3.076171875000000000e-02
3.076171875000000000e-02
3.076171875000000000e-02
3.076171875000000000e-02
3.076171875000000000e-02
3.125000000000000000e-02
3.125000000000000000e-02
3.173828125000000000e-02
3.173828125000000000e-02
3.173828125000000000e-02
3.173828125000000000e-02
3.173828125000000000e-02
3.222656250000000000e-02
3.271484375000000000e-02
3.271484375000000000e-02
3.271484375000000000e-02
3.271484375000000000e-02
3.271484375000000000e-02
3.320312500000000000e-02
3.320312500000000000e-02
3.320312500000000000e-02
3.320312500000000000e-02
3.369140625000000000e-02
3.369140625000000000e-02
3.369140625000000000e-02
3.369140625000000000e-02
3.369140625000000000e-02
3.369140625000000000e-02
3.369140625000000000e-02
3.417968750000000000e-02
3.417968750000000000e-02
3.417968750000000000e-02
3.466796875000000000e-02
3.466796875000000000e-02
3.515625000000000000e-02
3.515625000000000000e-02
3.515625000000000000e-02
3.564453125000000000e-02
3.564453125000000000e-02
3.564453125000000000e-02
3.564453125000000000e-02
3.613281250000000000e-02
3.613281250000000000e-02
3.613281250000000000e-02
3.613281250000000000e-02
3.613281250000000000e-02
3.662109375000000000e-02
3.662109375000000000e-02
3.662109375000000000e-02
3.662109375000000000e-02
3.662109375000000000e-02
3.662109375000000000e-02
3.662109375000000000e-02
3.710937500000000000e-02
3.710937500000000000e-02
3.710937500000000000e-02
3.710937500000000000e-02
3.710937500000000000e-02
3.759765625000000000e-02
3.759765625000000000e-02
3.759765625000000000e-02
3.808593750000000000e-02
3.808593750000000000e-02
3.857421875000000000e-02
3.857421875000000000e-02
3.906250000000000000e-02
3.906250000000000000e-02
3.906250000000000000e-02
3.906250000000000000e-02
3.906250000000000000e-02
3.906250000000000000e-02
3.906250000000000000e-02
3.955078125000000000e-02
3.955078125000000000e-02
3.955078125000000000e-02
3.955078125000000000e-02
3.955078125000000000e-02
4.003906250000000000e-02
4.003906250000000000e-02
4.003906250000000000e-02
4.052734375000000000e-02
4.052734375000000000e-02
4.052734375000000000e-02
4.052734375000000000e-02
4.101562500000000000e-02
4.101562500000000000e-02
4.101562500000000000e-02
4.101562500000000000e-02
4.101562500000000000e-02
4.101562500000000000e-02
4.150390625000000000e-02
4.150390625000000000e-02
4.150390625000000000e-02
4.150390625000000000e-02
4.150390625000000000e-02
4.199218750000000000e-02
4.199218750000000000e-02
4.199218750000000000e-02
4.199218750000000000e-02
4.248046875000000000e-02
4.248046875000000000e-02
4.248046875000000000e-02
4.296875000000000000e-02
4.296875000000000000e-02
4.296875000000000000e-02
4.345703125000000000e-02
4.345703125000000000e-02
4.345703125000000000e-02
4.345703125000000000e-02
4.345703125000000000e-02
4.394531250000000000e-02
4.394531250000000000e-02
4.394531250000000000e-02
4.394531250000000000e-02
4.394531250000000000e-02
4.394531250000000000e-02
4.394531250000000000e-02
4.394531250000000000e-02
4.443359375000000000e-02
4.443359375000000000e-02
4.443359375000000000e-02
4.443359375000000000e-02
4.443359375000000000e-02
4.492187500000000000e-02
4.492187500000000000e-02
4.492187500000000000e-02
4.492187500000000000e-02
4.541015625000000000e-02
4.541015625000000000e-02
4.541015625000000000e-02
4.541015625000000000e-02
4.541015625000000000e-02
4.541015625000000000e-02
4.589843750000000000e-02
4.589843750000000000e-02
4.638671875000000000e-02
4.638671875000000000e-02
4.638671875000000000e-02
4.687500000000000000e-02
4.687500000000000000e-02
4.736328125000000000e-02
4.736328125000000000e-02
4.736328125000000000e-02
4.736328125000000000e-02
4.736328125000000000e-02
4.736328125000000000e-02
4.736328125000000000e-02
4.785156250000000000e-02
4.785156250000000000e-02
4.833984375000000000e-02
4.833984375000000000e-02
4.833984375000000000e-02
4.833984375000000000e-02
4.833984375000000000e-02
4.931640625000000000e-02
4.931640625000000000e-02
4.931640625000000000e-02
4.931640625000000000e-02
4.931640625000000000e-02
4.931640625000000000e-02
4.980468750000000000e-02
4.980468750000000000e-02
4.980468750000000000e-02
4.980468750000000000e-02
5.029296875000000000e-02
5.029296875000000000e-02
5.029296875000000000e-02
5.029296875000000000e-02
5.029296875000000000e-02
5.078125000000000000e-02
5.126953125000000000e-02
5.126953125000000000e-02
5.175781250000000000e-02
5.175781250000000000e-02
5.175781250000000000e-02
5.175781250000000000e-02
5.175781250000000000e-02
5.175781250000000000e-02
5.175781250000000000e-02
5.224609375000000000e-02
5.224609375000000000e-02
5.224609375000000000e-02
5.224609375000000000e-02
5.273437500000000000e-02
5.273437500000000000e-02
5.322265625000000000e-02
5.322265625000000000e-02
5.371093750000000000e-02
5.371093750000000000e-02
5.371093750000000000e-02
5.371093750000000000e-02
5.419921875000000000e-02
5.419921875000000000e-02
5.419921875000000000e-02
5.419921875000000000e-02
5.468750000000000000e-02
5.468750000000000000e-02
5.468750000000000000e-02
5.468750000000000000e-02
5.517578125000000000e-02
5.517578125000000000e-02
5.517578125000000000e-02
5.517578125000000000e-02
5.566406250000000000e-02
5.566406250000000000e-02
5.566406250000000000e-02
5.615234375000000000e-02
5.615234375000000000e-02
5.664062500000000000e-02
5.664062500000000000e-02
5.664062500000000000e-02
5.664062500000000000e-02
5.664062500000000000e-02
5.664062500000000000e-02
5.664062500000000000e-02
5.712890625000000000e-02
5.712890625000000000e-02
5.712890625000000000e-02
5.712890625000000000e-02
5.712890625000000000e-02
5.712890625000000000e-02
5.761718750000000000e-02
5.761718750000000000e-02
5.810546875000000000e-02
5.810546875000000000e-02
5.810546875000000000e-02
5.810546875000000000e-02
5.859375000000000000e-02
5.859375000000000000e-02
5.908203125000000000e-02
5.908203125000000000e-02
5.957031250000000000e-02
5.957031250000000000e-02
5.957031250000000000e-02
5.957031250000000000e-02
5.957031250000000000e-02
6.005859375000000000e-02
6.103515625000000000e-02
6.103515625000000000e-02
6.103515625000000000e-02
6.152343750000000000e-02
6.152343750000000000e-02
6.152343750000000000e-02
6.201171875000000000e-02
6.201171875000000000e-02
6.250000000000000000e-02
6.250000000000000000e-02
6.298828125000000000e-02
6.298828125000000000e-02
6.298828125000000000e-02
6.298828125000000000e-02
6.396484375000000000e-02
6.396484375000000000e-02
6.396484375000000000e-02
6.445312500000000000e-02
6.445312500000000000e-02
6.445312500000000000e-02
6.445312500000000000e-02
6.494140625000000000e-02
6.494140625000000000e-02
6.494140625000000000e-02
6.542968750000000000e-02
6.542968750000000000e-02
6.542968750000000000e-02
6.542968750000000000e-02
6.591796875000000000e-02
6.640625000000000000e-02
6.689453125000000000e-02
6.689453125000000000e-02
6.738281250000000000e-02
6.787109375000000000e-02
6.835937500000000000e-02
6.835937500000000000e-02
6.884765625000000000e-02
6.884765625000000000e-02
6.933593750000000000e-02
6.933593750000000000e-02
6.933593750000000000e-02
6.933593750000000000e-02
6.982421875000000000e-02
6.982421875000000000e-02
6.982421875000000000e-02
7.031250000000000000e-02
7.080078125000000000e-02
7.080078125000000000e-02
7.128906250000000000e-02
7.128906250000000000e-02
7.128906250000000000e-02
7.128906250000000000e-02
7.177734375000000000e-02
7.177734375000000000e-02
7.177734375000000000e-02
7.226562500000000000e-02
7.275390625000000000e-02
7.275390625000000000e-02
7.275390625000000000e-02
7.275390625000000000e-02
7.275390625000000000e-02
7.324218750000000000e-02
7.324218750000000000e-02
7.324218750000000000e-02
7.324218750000000000e-02
7.373046875000000000e-02
7.373046875000000000e-02
7.421875000000000000e-02
7.470703125000000000e-02
7.470703125000000000e-02
7.519531250000000000e-02
7.519531250000000000e-02
7.568359375000000000e-02
7.568359375000000000e-02
7.617187500000000000e-02
7.617187500000000000e-02
7.617187500000000000e-02
7.617187500000000000e-02
7.617187500000000000e-02
7.666015625000000000e-02
7.714843750000000000e-02
7.714843750000000000e-02
7.714843750000000000e-02
7.714843750000000000e-02
7.763671875000000000e-02
7.812500000000000000e-02
7.812500000000000000e-02
7.812500000000000000e-02
7.861328125000000000e-02
7.861328125000000000e-02
7.910156250000000000e-02
7.958984375000000000e-02
7.958984375000000000e-02
7.958984375000000000e-02
8.007812500000000000e-02
8.105468750000000000e-02
8.105468750000000000e-02
8.105468750000000000e-02
8.105468750000000000e-02
8.105468750000000000e-02
8.154296875000000000e-02
8.154296875000000000e-02
8.203125000000000000e-02
8.203125000000000000e-02
8.203125000000000000e-02
8.251953125000000000e-02
8.300781250000000000e-02
8.300781250000000000e-02
8.349609375000000000e-02
8.398437500000000000e-02
8.447265625000000000e-02
8.544921875000000000e-02
8.593750000000000000e-02
8.593750000000000000e-02
8.642578125000000000e-02
8.642578125000000000e-02
8.642578125000000000e-02
8.740234375000000000e-02
8.740234375000000000e-02
8.740234375000000000e-02
8.789062500000000000e-02
8.789062500000000000e-02
8.789062500000000000e-02
8.789062500000000000e-02
8.789062500000000000e-02
8.789062500000000000e-02
8.837890625000000000e-02
8.837890625000000000e-02
8.886718750000000000e-02
8.886718750000000000e-02
8.935546875000000000e-02
8.935546875000000000e-02
8.935546875000000000e-02
8.984375000000000000e-02
8.984375000000000000e-02
8.984375000000000000e-02
9.033203125000000000e-02
9.082031250000000000e-02
9.082031250000000000e-02
9.082031250000000000e-02
9.130859375000000000e-02
9.130859375000000000e-02
9.130859375000000000e-02
9.130859375000000000e-02
9.130859375000000000e-02
9.179687500000000000e-02
9.179687500000000000e-02
9.179687500000000000e-02
9.277343750000000000e-02
9.277343750000000000e-02
9.277343750000000000e-02
9.326171875000000000e-02
9.375000000000000000e-02
9.423828125000000000e-02
9.423828125000000000e-02
9.472656250000000000e-02
9.521484375000000000e-02
9.521484375000000000e-02
9.521484375000000000e-02
9.570312500000000000e-02
9.619140625000000000e-02
9.619140625000000000e-02
9.716796875000000000e-02
9.765625000000000000e-02
9.765625000000000000e-02
9.814453125000000000e-02
9.863281250000000000e-02
9.863281250000000000e-02
9.863281250000000000e-02
9.863281250000000000e-02
9.863281250000000000e-02
9.863281250000000000e-02
9.863281250000000000e-02
9.912109375000000000e-02
9.912109375000000000e-02
9.960937500000000000e-02
1.000976562500000000e-01
1.000976562500000000e-01
1.010742187500000000e-01
1.010742187500000000e-01
1.010742187500000000e-01
1.010742187500000000e-01
1.010742187500000000e-01
1.015625000000000000e-01
1.015625000000000000e-01
1.015625000000000000e-01
1.020507812500000000e-01
1.025390625000000000e-01
1.025390625000000000e-01
1.030273437500000000e-01
1.030273437500000000e-01
1.035156250000000000e-01
1.040039062500000000e-01
1.040039062500000000e-01
1.040039062500000000e-01
1.044921875000000000e-01
1.054687500000000000e-01
1.059570312500000000e-01
1.064453125000000000e-01
1.069335937500000000e-01
1.074218750000000000e-01
1.074218750000000000e-01
1.079101562500000000e-01
1.083984375000000000e-01
1.083984375000000000e-01
1.088867187500000000e-01
1.093750000000000000e-01
1.093750000000000000e-01
1.098632812500000000e-01
1.103515625000000000e-01
1.118164062500000000e-01
1.123046875000000000e-01
1.123046875000000000e-01
1.123046875000000000e-01
1.123046875000000000e-01
1.127929687500000000e-01
1.137695312500000000e-01
1.137695312500000000e-01
1.142578125000000000e-01
1.147460937500000000e-01
1.152343750000000000e-01
1.157226562500000000e-01
1.157226562500000000e-01
1.186523437500000000e-01
1.191406250000000000e-01
1.191406250000000000e-01
1.191406250000000000e-01
1.191406250000000000e-01
1.196289062500000000e-01
1.201171875000000000e-01
1.206054687500000000e-01
1.225585937500000000e-01
1.235351562500000000e-01
1.235351562500000000e-01
1.240234375000000000e-01
1.259765625000000000e-01
1.264648437500000000e-01
1.269531250000000000e-01
1.284179687500000000e-01
1.323242187500000000e-01
1.323242187500000000e-01
1.328125000000000000e-01
1.347656250000000000e-01
1.347656250000000000e-01
1.347656250000000000e-01
1.367187500000000000e-01
1.381835937500000000e-01
1.391601562500000000e-01
1.391601562500000000e-01
1.391601562500000000e-01
1.401367187500000000e-01
1.406250000000000000e-01
1.406250000000000000e-01
1.430664062500000000e-01
1.435546875000000000e-01
1.455078125000000000e-01
1.469726562500000000e-01
1.474609375000000000e-01
1.479492187500000000e-01
1.508789062500000000e-01
1.513671875000000000e-01
1.513671875000000000e-01
1.513671875000000000e-01
1.528320312500000000e-01
1.552734375000000000e-01
1.562500000000000000e-01
1.562500000000000000e-01
1.567382812500000000e-01
1.611328125000000000e-01
1.611328125000000000e-01
1.616210937500000000e-01
1.650390625000000000e-01
1.679687500000000000e-01
1.684570312500000000e-01
1.684570312500000000e-01
1.684570312500000000e-01
1.694335937500000000e-01
1.704101562500000000e-01
1.704101562500000000e-01
1.733398437500000000e-01
1.738281250000000000e-01
1.752929687500000000e-01
1.772460937500000000e-01
1.811523437500000000e-01
1.816406250000000000e-01
1.845703125000000000e-01
1.855468750000000000e-01
1.860351562500000000e-01
1.865234375000000000e-01
1.875000000000000000e-01
1.879882812500000000e-01
1.879882812500000000e-01
1.884765625000000000e-01
1.884765625000000000e-01
1.889648437500000000e-01
1.894531250000000000e-01
1.909179687500000000e-01
1.928710937500000000e-01
1.953125000000000000e-01
1.992187500000000000e-01
2.016601562500000000e-01
2.060546875000000000e-01
2.114257812500000000e-01
2.133789062500000000e-01
2.250976562500000000e-01
2.299804687500000000e-01
2.363281250000000000e-01
2.431640625000000000e-01
2.534179687500000000e-01
2.656250000000000000e-01
2.675781250000000000e-01
2.719726562500000000e-01
2.729492187500000000e-01
2.744140625000000000e-01
2.944335937500000000e-01
3.032226562500000000e-01
3.081054687500000000e-01
3.237304687500000000e-01
3.247070312500000000e-01
3.286132812500000000e-01
3.315429687500000000e-01
3.334960937500000000e-01
3.535156250000000000e-01
3.618164062500000000e-01
