3.613960598063009400e+01
3.643687873537133726e+01
3.689985780734444631e+01
3.708581102823568187e+01
3.710216295299852618e+01
3.724324533606843346e+01
3.741108166820227154e+01
3.747824934586226675e+01
3.758526132570985823e+01
3.774843833962003714e+01
3.778406302398109773e+01
3.785706479413460812e+01
3.788182935937526707e+01
3.791172967696564911e+01
3.793518971684615337e+01
3.795131969289860763e+01
3.819170247272045060e+01
3.819783305096326842e+01
3.820358048996607181e+01
3.823946200926970818e+01
3.826460746298889148e+01
3.828283717961908650e+01
3.828876878303089626e+01
3.830341077133710570e+01
3.833449833691406639e+01
3.834194444373399335e+01
3.835098438009391941e+01
3.835911369043832053e+01
3.837686149386744461e+01
3.838865389350049639e+01
3.839248214576842599e+01
3.842555937724733184e+01
3.843045830780936001e+01
3.843315475208681420e+01
3.843570441600626708e+01
3.844978938665865087e+01
3.846793077404642247e+01
3.847177331685295343e+01
3.848141295083441094e+01
3.849487272827897044e+01
3.852512914951869050e+01
3.853002369276961048e+01
3.853333835600815860e+01
3.859624450678659713e+01
3.862554436096419153e+01
3.863456189628000459e+01
3.865121035678917139e+01
3.866822570465681963e+01
3.868306087841636298e+01
3.870041668330689788e+01
3.870423190708602590e+01
3.870492147029730745e+01
3.870964881302150218e+01
3.871628493228406853e+01
3.873436247579726199e+01
3.874045494258247402e+01
3.878797061305489535e+01
3.878987621124483098e+01
3.880093339011027354e+01
3.881012221612063229e+01
3.881500867622091988e+01
3.882484442901451871e+01
3.883579152878770202e+01
3.884411711605417139e+01
3.885993195491722219e+01
3.886307202727094534e+01
3.887438637444130052e+01
3.887666025612118403e+01
3.889512094108566487e+01
3.890646753337148311e+01
3.891821852918705815e+01
3.891827474261432229e+01
3.893700184138764087e+01
3.896204944475697118e+01
3.896206450061970372e+01
3.898197764212618210e+01
3.899692290213910439e+01
3.900425231631484735e+01
3.901133878098784180e+01
3.902142796663806479e+01
3.902411934819609485e+01
3.902727714045920493e+01
3.903371072488344851e+01
3.903889667849541212e+01
3.905099248200146178e+01
3.906477831609579709e+01
3.908332376644107597e+01
3.908593612921031024e+01
3.908972098188233701e+01
3.909381973710944891e+01
3.909886842637870075e+01
3.911571689582210354e+01
3.911827842055519966e+01
3.913224104728845987e+01
3.913531394862617674e+01
3.913966488006512634e+01
3.916452577122730361e+01
3.916717464938480475e+01
3.917230385923721769e+01
3.917570825927904110e+01
3.918377313742765011e+01
3.918861471231666371e+01
3.918896806331535032e+01
3.919604329059826142e+01
3.919654670362412219e+01
3.920554797933937152e+01
3.921601523250183874e+01
3.922223150946236103e+01
3.922410666090363662e+01
3.923049399111867075e+01
3.923849126435081303e+01
3.925034702972251921e+01
3.926636477164852579e+01
3.926890407171985942e+01
3.927008025204394670e+01
3.927376143071656855e+01
3.927605550347771413e+01
3.928166276300241577e+01
3.928391921555068933e+01
3.929583585618181729e+01
3.931137329005061076e+01
3.931219511706250813e+01
3.931496445544577512e+01
3.931591166128626469e+01
3.932429202188276918e+01
3.933237781653524934e+01
3.933845458015645136e+01
3.936202773189543080e+01
3.936541508762342545e+01
3.936562497102092806e+01
3.937400025631684741e+01
3.938248077578508344e+01
3.938387175327512324e+01
3.938464524786779464e+01
3.938816571438629666e+01
3.939099565543609316e+01
3.939432098250886582e+01
3.939545324097137780e+01
3.939576082788914846e+01
3.940253078034112377e+01
3.940496504958499457e+01
3.940943424859657540e+01
3.942876404527343936e+01
3.942968185932117109e+01
3.944062076589508337e+01
3.945158680017686237e+01
3.946195554649894177e+01
3.946328162643604287e+01
3.946369557491219382e+01
3.946450128813020086e+01
3.946921140592583299e+01
3.947209576377058227e+01
3.947446081399710494e+01
3.947642017260400848e+01
3.947790913054827655e+01
3.948392652694791138e+01
3.948747492431704842e+01
3.948916132273668467e+01
3.949595488737612925e+01
3.949995266552784301e+01
3.950193160272316817e+01
3.950489354500531647e+01
3.950551509768588687e+01
3.950906114172781258e+01
3.951284007908689944e+01
3.951778870277578193e+01
3.951824356042737918e+01
3.952035019961535056e+01
3.952423981377177142e+01
3.952698454476882972e+01
3.953680084721432308e+01
3.954021596614058609e+01
3.954579729890905782e+01
3.954582632635338513e+01
3.954899407061374461e+01
3.955065535696924428e+01
3.955250270284319214e+01
3.955488769651005043e+01
3.955707508064057265e+01
3.956251358850682465e+01
3.956432389634656488e+01
3.956464965349032070e+01
3.956567258656302499e+01
3.956637146025887830e+01
3.956812640803040892e+01
3.956986913919404714e+01
3.957296923527950128e+01
3.957523749200358054e+01
3.957538816653691072e+01
3.957608401150094579e+01
3.957634894901244849e+01
3.957750075159351866e+01
3.958397356546890222e+01
3.958427103224592258e+01
3.959465486091694686e+01
3.959622635946915636e+01
3.960644602201158193e+01
3.960904151525414818e+01
3.961238006641070797e+01
3.961686573338668893e+01
3.962705097517986985e+01
3.962899301358861237e+01
3.962928083208509378e+01
3.963307713916025676e+01
3.963599632907202164e+01
3.964099445722686710e+01
3.964344609720983215e+01
3.964492478901909323e+01
3.964519321264074847e+01
3.964826621264425199e+01
3.965206826465471579e+01
3.965821630677817922e+01
3.965846796749793413e+01
3.965992146841777810e+01
3.966052274662435195e+01
3.966188222960425236e+01
3.966459239761055500e+01
3.966707708952601763e+01
3.966790112601928087e+01
3.967010070922644616e+01
3.967100205770830712e+01
3.967388391918917279e+01
3.967456431296982799e+01
3.967701765476477505e+01
3.967996199567908633e+01
3.968239642339382556e+01
3.968317093828245845e+01
3.968896477041487714e+01
3.969004075669780462e+01
3.969009828856830779e+01
3.969204512771786142e+01
3.969248681189780825e+01
3.969599452690877683e+01
3.969618153349588141e+01
3.969631442559024492e+01
3.970018391653997725e+01
3.970946644901120237e+01
3.971889712515140047e+01
3.972183829836428970e+01
3.972518434665796150e+01
3.972643684742412518e+01
3.972995882186594230e+01
3.973279042838800024e+01
3.973376799123971637e+01
3.973734488676535648e+01
3.973741645938704892e+01
3.973790183431018619e+01
3.973967901720938301e+01
3.974248945849756609e+01
3.974568343697250583e+01
3.974949947895462543e+01
3.974971439431138265e+01
3.975650897621197544e+01
3.975736132636269815e+01
3.975749260759697279e+01
3.975813389125913488e+01
3.975867488972935604e+01
3.976768489141215213e+01
3.977131338999792121e+01
3.977287386339418163e+01
3.977425145200329837e+01
3.977534917245290558e+01
3.977891618278996333e+01
3.978316434938955837e+01
3.978394901295754238e+01
3.978509082029312793e+01
3.978653047635025075e+01
3.978736876665076494e+01
3.978943811703793898e+01
3.979082279333373151e+01
3.979257831525613653e+01
3.979397399990445194e+01
3.979425594647689479e+01
3.979634714634790527e+01
3.979840273937463024e+01
3.980362595361469147e+01
3.980442884058515318e+01
3.980443125203862564e+01
3.980910457824063542e+01
3.980953379027894812e+01
3.981112868308584751e+01
3.981269632527244084e+01
3.981336147016324389e+01
3.981491338646019074e+01
3.981586700344769980e+01
3.982300627829226158e+01
3.982795677669749779e+01
3.982853108920449614e+01
3.983278975986542036e+01
3.983362731230563014e+01
3.983675107755703948e+01
3.983680974233946159e+01
3.983683668517032572e+01
3.983802284513127745e+01
3.983965551211890954e+01
3.984101746175199565e+01
3.984250890815683022e+01
3.985212513587374161e+01
3.985515122584502024e+01
3.985652375553963367e+01
3.985917508934498699e+01
3.986269405739503213e+01
3.986723638473357312e+01
3.986872237469631131e+01
3.987208884439903755e+01
3.987467165953704296e+01
3.987630805728624495e+01
3.988026045486596161e+01
3.988675502437477860e+01
3.988832321069930487e+01
3.988925616486891812e+01
3.989301418457122850e+01
3.989593319137234317e+01
3.989642547431283504e+01
3.989901269245994087e+01
3.990104216893521993e+01
3.990286070869862556e+01
3.990874171908099299e+01
3.991062655604788745e+01
3.991113157931838629e+01
3.991646872199832075e+01
3.991700035209403552e+01
3.992009337101042377e+01
3.992098146875498799e+01
3.992173527061741822e+01
3.992613769636849952e+01
3.992896662146300457e+01
3.992919151804893119e+01
3.992974360977273562e+01
3.993243280149165031e+01
3.993485421207674335e+01
3.993869411196440922e+01
3.993871836000248265e+01
3.994049626483066362e+01
3.994126712046119110e+01
3.994158904458171833e+01
3.994193230942550343e+01
3.994247497558846760e+01
3.994457249828408862e+01
3.994568908651574191e+01
3.994607468600079869e+01
3.994704544000217794e+01
3.994945197222924094e+01
3.995348766996799128e+01
3.995379015251083388e+01
3.995472993339613055e+01
3.995505266627515084e+01
3.995536096194971520e+01
3.996316887103402848e+01
3.996537092131320890e+01
3.996710934000891768e+01
3.996895445726644169e+01
3.997076516737015339e+01
3.997092115747189212e+01
3.997705967054007203e+01
3.997860923399807831e+01
3.998008795956538108e+01
3.998197239028630889e+01
3.998252853735964862e+01
3.998287837895782815e+01
3.998297600015669673e+01
3.998753615447076726e+01
3.998763988683968762e+01
3.999022055149318788e+01
3.999446464907587995e+01
3.999678923732311375e+01
3.999869414862809691e+01
3.999873894210114145e+01
4.000777292944831487e+01
4.000783718062648120e+01
4.001303744932268103e+01
4.001819753539612634e+01
4.001842320521211605e+01
4.001904555100499294e+01
4.002298191276899075e+01
4.002358889364457184e+01
4.002378859126974220e+01
4.002987781692162628e+01
4.003201355355275126e+01
4.003213748477236322e+01
4.003221391511809202e+01
4.003425125862993639e+01
4.003666185039416092e+01
4.003699973280971847e+01
4.003713275263952909e+01
4.003839091143529316e+01
4.003939205300685700e+01
4.003952757116919514e+01
4.004019267212292732e+01
4.004044609449805137e+01
4.004512321245733375e+01
4.004848106198044633e+01
4.005022255114507601e+01
4.005078433939280558e+01
4.005097034577374870e+01
4.005188394646943095e+01
4.005424949651470001e+01
4.005809972842937583e+01
4.005954503638490394e+01
4.006111817914215578e+01
4.006296430562045430e+01
4.006478855816892093e+01
4.006556614704867059e+01
4.006716684917009985e+01
4.006718961304142823e+01
4.007180189371756285e+01
4.007571962874112614e+01
4.007751844058485347e+01
4.007848481497956783e+01
4.007995728705212457e+01
4.008054546641817240e+01
4.008486158927906473e+01
4.008770748948724361e+01
4.009160913305903762e+01
4.009250748465598946e+01
4.009341859236847938e+01
4.009840153676184116e+01
4.010089129754395287e+01
4.010208471002594877e+01
4.010211809241880587e+01
4.010716828915577281e+01
4.010724092731395274e+01
4.010790056555647709e+01
4.010871595790045774e+01
4.011099867210752024e+01
4.011155208344088408e+01
4.011362840996478951e+01
4.011405032097876244e+01
4.011590470280477660e+01
4.011597795119052279e+01
4.011694224299481704e+01
4.011894917231232682e+01
4.012313041682675419e+01
4.012359513720969062e+01
4.012420863176957653e+01
4.012924422985486927e+01
4.012999803118319164e+01
4.013361382094940666e+01
4.013382555879447011e+01
4.013730763057218098e+01
4.014073001786606198e+01
4.014106186767152451e+01
4.014330560532412306e+01
4.014410811173929972e+01
4.014478058723784670e+01
4.014656599748289523e+01
4.014704555999335156e+01
4.014875457463866582e+01
4.014917598041949987e+01
4.015015301592126917e+01
4.015087271553241521e+01
4.015549057632615870e+01
4.015579637316429995e+01
4.015616221406143183e+01
4.015673469967133258e+01
4.016414412513502441e+01
4.016540212856250491e+01
4.016732217890270817e+01
4.016837683363477396e+01
4.016989658787829853e+01
4.017201083537907635e+01
4.017381114953352750e+01
4.017387915640728835e+01
4.017404180358072097e+01
4.017517216209195396e+01
4.017562200403299499e+01
4.017604864238124662e+01
4.017984733287561028e+01
4.018282621263224996e+01
4.018441418721231173e+01
4.018687734169718340e+01
4.018800983981216746e+01
4.018842158611160187e+01
4.019145620934619245e+01
4.019146938943613634e+01
4.019436769371710483e+01
4.019532560173919222e+01
4.019783260980980799e+01
4.019952297003846553e+01
4.020124514411892847e+01
4.020933682934607134e+01
4.021020034696593370e+01
4.021276586862111202e+01
4.021528775425771585e+01
4.021626374242314483e+01
4.021782800890392906e+01
4.021898663832131149e+01
4.022052670004525510e+01
4.022436938146282870e+01
4.022538590663166502e+01
4.022643814832477460e+01
4.022749844877599656e+01
4.022854173782465637e+01
4.022865663523706559e+01
4.023365943039033255e+01
4.023416496392353281e+01
4.023519862645510159e+01
4.023541622609010204e+01
4.023937517963231159e+01
4.024022460710544635e+01
4.024135304191717211e+01
4.024250179283259854e+01
4.024452961195895284e+01
4.024488316873207339e+01
4.024510221997594073e+01
4.024729343846382790e+01
4.024814642843225698e+01
4.024854760853031621e+01
4.024866285302873337e+01
4.025057125054245688e+01
4.025148016679091967e+01
4.025228796367800044e+01
4.025302755199102478e+01
4.025536835739858077e+01
4.025577977753286518e+01
4.025805107285641782e+01
4.025844114857638090e+01
4.026107280025775026e+01
4.026258820092933632e+01
4.026392226952951603e+01
4.026433121471576726e+01
4.026498017424930964e+01
4.026612500339830802e+01
4.026697092315405513e+01
4.026871674101578691e+01
4.026964446531245301e+01
4.027918565955940267e+01
4.028034987188659954e+01
4.028237873377032940e+01
4.028554176602994374e+01
4.028576629761930405e+01
4.028748039721500618e+01
4.029105605666943291e+01
4.029133995456483319e+01
4.029207166929926132e+01
4.029507641289839626e+01
4.029762883316222144e+01
4.029801162640489309e+01
4.029859242297101218e+01
4.029933754935574797e+01
4.030139601007898165e+01
4.030167652454962024e+01
4.030225477111347487e+01
4.030296211509419635e+01
4.030361166459876188e+01
4.030977413659171305e+01
4.031055325752128482e+01
4.031080242263779212e+01
4.031284913149315230e+01
4.031552591470378388e+01
4.032532660610628028e+01
4.032714681351355068e+01
4.032746236455822952e+01
4.032766194479833644e+01
4.032811701868588727e+01
4.033050708866595357e+01
4.033204929912527348e+01
4.033704421203013624e+01
4.033789205112330478e+01
4.034043506276621827e+01
4.034193255610633599e+01
4.034320816071035409e+01
4.034771180918822608e+01
4.035037461969293560e+01
4.035897591570235932e+01
4.035962418308697863e+01
4.036113890846705488e+01
4.036329488705889901e+01
4.036517971764349255e+01
4.036769360502376003e+01
4.036793768167034102e+01
4.036887535288433781e+01
4.037170688806538976e+01
4.037304280260777745e+01
4.037462622274676960e+01
4.037520404450644662e+01
4.037570148131017334e+01
4.038055309884884281e+01
4.038079713652568614e+01
4.039865243597360944e+01
4.039923054440782835e+01
4.039962351321929646e+01
4.039991858798914848e+01
4.039999999999697877e+01
4.039999999999697877e+01
4.039999999999697877e+01
4.039999999999697877e+01
4.039999999999697877e+01
4.039999999999697877e+01
4.039999999999697877e+01
4.039999999999697877e+01
4.039999999999697877e+01
4.039999999999697877e+01
4.039999999999697877e+01
4.039999999999697877e+01
4.039999999999697877e+01
4.039999999999697877e+01
4.039999999999697877e+01
4.039999999999697877e+01
4.039999999999697877e+01
4.039999999999697877e+01
4.039999999999697877e+01
4.039999999999697877e+01
4.039999999999697877e+01
4.039999999999697877e+01
4.039999999999697877e+01
4.039999999999697877e+01
4.039999999999697877e+01
4.039999999999697877e+01
4.039999999999697877e+01
4.039999999999697877e+01
4.039999999999697877e+01
4.039999999999697877e+01
4.039999999999697877e+01
4.039999999999697877e+01
4.039999999999697877e+01
4.039999999999697877e+01
4.039999999999697877e+01
4.039999999999697877e+01
4.039999999999697877e+01
4.039999999999697877e+01
4.039999999999697877e+01
4.039999999999697877e+01
4.039999999999697877e+01
4.039999999999697877e+01
4.039999999999697877e+01
4.039999999999697877e+01
4.039999999999697877e+01
4.039999999999697877e+01
4.039999999999697877e+01
4.039999999999697877e+01
4.039999999999697877e+01
4.039999999999697877e+01
4.039999999999697877e+01
4.039999999999697877e+01
4.039999999999697877e+01
4.039999999999697877e+01
4.039999999999697877e+01
4.039999999999697877e+01
4.039999999999697877e+01
4.039999999999697877e+01
4.039999999999697877e+01
4.039999999999697877e+01
4.039999999999697877e+01
4.039999999999697877e+01
4.039999999999697877e+01
4.039999999999697877e+01
4.039999999999697877e+01
4.039999999999697877e+01
4.039999999999697877e+01
4.039999999999697877e+01
4.039999999999697877e+01
4.039999999999697877e+01
4.039999999999697877e+01
4.039999999999697877e+01
4.039999999999697877e+01
4.039999999999697877e+01
4.039999999999697877e+01
4.039999999999697877e+01
4.039999999999697877e+01
4.039999999999697877e+01
4.039999999999697877e+01
4.039999999999697877e+01
4.039999999999697877e+01
4.039999999999697877e+01
4.039999999999697877e+01
4.039999999999697877e+01
4.039999999999697877e+01
4.039999999999697877e+01
4.039999999999697877e+01
4.039999999999697877e+01
4.039999999999697877e+01
4.039999999999697877e+01
4.039999999999697877e+01
4.039999999999697877e+01
4.039999999999697877e+01
4.039999999999697877e+01
4.039999999999697877e+01
4.039999999999697877e+01
4.039999999999697877e+01
4.039999999999697877e+01
4.039999999999697877e+01
4.039999999999697877e+01
4.039999999999697877e+01
4.039999999999697877e+01
4.039999999999697877e+01
4.039999999999697877e+01
4.039999999999697877e+01
4.039999999999697877e+01
4.039999999999697877e+01
4.039999999999697877e+01
4.039999999999697877e+01
4.039999999999697877e+01
4.039999999999697877e+01
4.039999999999697877e+01
4.039999999999697877e+01
4.039999999999697877e+01
4.039999999999697877e+01
4.039999999999697877e+01
4.039999999999697877e+01
4.039999999999697877e+01
4.039999999999697877e+01
4.039999999999697877e+01
4.039999999999697877e+01
4.039999999999697877e+01
4.039999999999697877e+01
4.039999999999697877e+01
4.039999999999697877e+01
4.039999999999697877e+01
4.039999999999697877e+01
4.039999999999697877e+01
4.039999999999697877e+01
4.039999999999697877e+01
4.039999999999697877e+01
4.039999999999697877e+01
4.039999999999697877e+01
4.039999999999697877e+01
4.039999999999697877e+01
4.039999999999697877e+01
4.039999999999697877e+01
4.039999999999697877e+01
4.039999999999697877e+01
4.039999999999697877e+01
4.039999999999697877e+01
4.039999999999697877e+01
4.039999999999697877e+01
4.039999999999697877e+01
4.039999999999697877e+01
4.039999999999697877e+01
4.039999999999697877e+01
4.039999999999697877e+01
4.039999999999697877e+01
4.039999999999697877e+01
4.039999999999697877e+01
4.039999999999697877e+01
4.039999999999697877e+01
4.039999999999697877e+01
4.039999999999697877e+01
4.039999999999697877e+01
4.039999999999697877e+01
4.039999999999697877e+01
4.039999999999697877e+01
4.039999999999697877e+01
4.039999999999697877e+01
4.039999999999697877e+01
4.039999999999697877e+01
4.039999999999697877e+01
4.039999999999697877e+01
4.039999999999697877e+01
4.039999999999697877e+01
4.039999999999697877e+01
4.039999999999697877e+01
4.039999999999697877e+01
4.039999999999697877e+01
4.039999999999697877e+01
4.039999999999697877e+01
4.039999999999697877e+01
4.039999999999697877e+01
4.039999999999697877e+01
4.039999999999697877e+01
4.039999999999697877e+01
4.039999999999697877e+01
4.039999999999697877e+01
4.039999999999697877e+01
4.039999999999697877e+01
4.039999999999697877e+01
4.039999999999697877e+01
4.039999999999697877e+01
4.039999999999697877e+01
4.039999999999697877e+01
4.039999999999697877e+01
4.039999999999697877e+01
4.039999999999697877e+01
4.039999999999697877e+01
4.039999999999697877e+01
4.039999999999697877e+01
4.039999999999697877e+01
4.039999999999697877e+01
4.039999999999697877e+01
4.039999999999697877e+01
4.039999999999697877e+01
4.039999999999697877e+01
4.039999999999697877e+01
4.039999999999697877e+01
4.039999999999697877e+01
4.039999999999697877e+01
4.039999999999697877e+01
4.039999999999697877e+01
4.039999999999697877e+01
4.039999999999697877e+01
4.039999999999697877e+01
4.039999999999697877e+01
4.039999999999697877e+01
4.039999999999697877e+01
4.039999999999697877e+01
4.039999999999697877e+01
4.039999999999697877e+01
4.039999999999697877e+01
4.039999999999697877e+01
4.039999999999697877e+01
4.039999999999697877e+01
4.039999999999697877e+01
4.039999999999697877e+01
4.039999999999697877e+01
4.039999999999697877e+01
4.039999999999697877e+01
4.039999999999697877e+01
4.039999999999697877e+01
4.039999999999697877e+01
4.039999999999697877e+01
4.039999999999697877e+01
4.039999999999697877e+01
4.039999999999697877e+01
4.039999999999697877e+01
4.039999999999697877e+01
4.039999999999697877e+01
4.039999999999697877e+01
4.039999999999697877e+01
4.039999999999697877e+01
4.039999999999697877e+01
4.039999999999697877e+01
4.039999999999697877e+01
4.039999999999697877e+01
4.039999999999697877e+01
4.039999999999697877e+01
4.039999999999697877e+01
4.039999999999697877e+01
4.039999999999697877e+01
4.039999999999697877e+01
4.039999999999697877e+01
4.039999999999697877e+01
4.039999999999697877e+01
4.039999999999697877e+01
4.039999999999697877e+01
4.039999999999697877e+01
4.039999999999697877e+01
4.039999999999697877e+01
4.039999999999697877e+01
4.039999999999697877e+01
4.039999999999697877e+01
4.039999999999697877e+01
4.039999999999697877e+01
4.039999999999697877e+01
4.039999999999697877e+01
4.039999999999697877e+01
4.039999999999697877e+01
4.039999999999697877e+01
4.039999999999697877e+01
4.039999999999697877e+01
4.039999999999697877e+01
4.039999999999697877e+01
4.039999999999697877e+01
4.039999999999697877e+01
4.039999999999697877e+01
4.039999999999697877e+01
4.039999999999697877e+01
4.039999999999697877e+01
4.039999999999697877e+01
4.039999999999697877e+01
4.039999999999697877e+01
4.039999999999697877e+01
4.039999999999697877e+01
4.039999999999697877e+01
4.039999999999697877e+01
4.039999999999697877e+01
4.039999999999697877e+01
4.039999999999697877e+01
4.039999999999697877e+01
4.039999999999697877e+01
4.039999999999697877e+01
4.039999999999697877e+01
4.039999999999697877e+01
4.039999999999697877e+01
4.039999999999697877e+01
4.039999999999697877e+01
4.039999999999697877e+01
4.039999999999697877e+01
4.039999999999697877e+01
4.039999999999697877e+01
4.039999999999697877e+01
4.039999999999697877e+01
4.039999999999697877e+01
4.039999999999697877e+01
4.039999999999697877e+01
4.039999999999697877e+01
4.039999999999697877e+01
4.039999999999697877e+01
4.039999999999697877e+01
4.039999999999697877e+01
4.039999999999697877e+01
4.039999999999697877e+01
4.039999999999697877e+01
4.039999999999697877e+01
4.039999999999697877e+01
4.039999999999697877e+01
4.039999999999697877e+01
4.039999999999697877e+01
4.039999999999697877e+01
4.039999999999697877e+01
4.039999999999697877e+01
4.039999999999697877e+01
4.039999999999697877e+01
4.039999999999697877e+01
4.039999999999697877e+01
4.039999999999697877e+01
4.039999999999697877e+01
4.039999999999697877e+01
4.039999999999697877e+01
4.039999999999697877e+01
4.039999999999697877e+01
4.039999999999697877e+01
4.039999999999697877e+01
4.039999999999697877e+01
4.039999999999697877e+01
4.039999999999697877e+01
4.039999999999697877e+01
4.039999999999697877e+01
4.039999999999697877e+01
4.039999999999697877e+01
4.039999999999697877e+01
4.039999999999697877e+01
4.039999999999697877e+01
4.039999999999697877e+01
4.039999999999697877e+01
4.039999999999697877e+01
4.039999999999697877e+01
4.039999999999697877e+01
4.039999999999697877e+01
4.039999999999697877e+01
4.039999999999697877e+01
4.039999999999697877e+01
4.039999999999697877e+01
4.039999999999697877e+01
4.039999999999697877e+01
4.039999999999697877e+01
4.039999999999697877e+01
4.039999999999697877e+01
4.039999999999697877e+01
4.039999999999697877e+01
4.039999999999697877e+01
4.039999999999697877e+01
4.039999999999697877e+01
4.039999999999697877e+01
4.039999999999697877e+01
4.039999999999697877e+01
4.039999999999697877e+01
4.039999999999697877e+01
4.039999999999697877e+01
4.039999999999697877e+01
4.039999999999697877e+01
4.039999999999697877e+01
4.039999999999697877e+01
4.039999999999697877e+01
4.039999999999697877e+01
4.039999999999697877e+01
4.039999999999697877e+01
4.039999999999697877e+01
4.039999999999697877e+01
4.039999999999697877e+01
4.039999999999697877e+01
4.039999999999697877e+01
4.039999999999697877e+01
4.039999999999697877e+01
4.039999999999697877e+01
4.039999999999697877e+01
4.039999999999697877e+01
4.039999999999697877e+01
4.039999999999697877e+01
4.039999999999697877e+01
4.039999999999697877e+01
4.039999999999697877e+01
4.039999999999697877e+01
4.039999999999697877e+01
4.039999999999697877e+01
4.039999999999697877e+01
4.039999999999697877e+01
4.039999999999697877e+01
4.039999999999697877e+01
4.039999999999697877e+01
4.039999999999697877e+01
4.039999999999697877e+01
4.039999999999697877e+01
4.039999999999697877e+01
4.039999999999697877e+01
4.039999999999697877e+01
4.039999999999697877e+01
4.039999999999697877e+01
4.039999999999697877e+01
4.039999999999697877e+01
4.039999999999697877e+01
4.039999999999697877e+01
4.039999999999697877e+01
4.039999999999697877e+01
4.039999999999697877e+01
4.039999999999697877e+01
4.039999999999697877e+01
4.039999999999697877e+01
4.039999999999697877e+01
4.039999999999697877e+01
4.039999999999697877e+01
4.039999999999697877e+01
4.039999999999697877e+01
4.039999999999697877e+01
4.039999999999697877e+01
4.039999999999697877e+01
4.039999999999697877e+01
4.039999999999697877e+01
4.039999999999697877e+01
4.039999999999697877e+01
4.039999999999697877e+01
4.039999999999697877e+01
4.039999999999697877e+01
4.039999999999697877e+01
4.039999999999697877e+01
4.039999999999697877e+01
4.039999999999697877e+01
4.039999999999697877e+01
4.039999999999697877e+01
4.039999999999697877e+01
4.039999999999697877e+01
4.039999999999697877e+01
4.039999999999697877e+01
4.039999999999697877e+01
4.039999999999697877e+01
