6.137272329945140825e+00
6.585237784488549906e+00
7.991830239482962561e+00
8.255837827361338199e+00
8.651833912603224874e+00
8.760965859883819817e+00
8.934309846072576278e+00
9.038250403245648101e+00
9.811271176252859050e+00
9.925717542330653842e+00
1.002596714027037805e+01
1.023701295136730671e+01
1.070180724426497321e+01
1.087141709283623747e+01
1.106468473480173387e+01
1.122010023140468249e+01
1.128493816149721418e+01
1.140226506784085636e+01
1.141912178225881469e+01
1.154665395040840536e+01
1.176066119129056808e+01
1.182397256742453528e+01
1.183810669790596393e+01
1.188244077593094872e+01
1.192539485134080657e+01
1.195148167255548444e+01
1.201802807926794081e+01
1.232402138505799627e+01
1.240102020555458928e+01
1.245888665347356117e+01
1.256950910693950085e+01
1.264230071214915796e+01
1.265473664180150770e+01
1.274088441535852567e+01
1.280578192086330525e+01
1.292248096196299301e+01
1.294790437266095751e+01
1.300939677862255373e+01
1.301363043738030001e+01
1.301500648511659186e+01
1.309131927987968425e+01
1.310292536307887268e+01
1.311282773276014346e+01
1.313652238325074606e+01
1.314793901700113921e+01
1.321819296141149991e+01
1.324051762480323546e+01
1.328257606821487613e+01
1.332658541723710677e+01
1.336161511201656538e+01
1.347345418366550085e+01
1.353387681993937619e+01
1.356461719683535705e+01
1.358671670479735738e+01
1.363516521881413723e+01
1.366436126405783114e+01
1.369744345486313897e+01
1.371133718607498153e+01
1.376246908082353571e+01
1.378920933205710853e+01
1.382939531733731897e+01
1.383114941294618916e+01
1.384437164889276062e+01
1.386273281403868296e+01
1.387142837331828993e+01
1.389055368168658333e+01
1.396813787200340151e+01
1.402860964742708916e+01
1.407551073276784237e+01
1.407676474009664958e+01
1.408576498816953304e+01
1.410159602703302895e+01
1.412005104210930106e+01
1.415506017853566689e+01
1.415919897816698381e+01
1.417480309599834243e+01
1.417670957506029161e+01
1.420674111438092702e+01
1.424925466900908688e+01
1.427423781015624193e+01
1.427826902665094622e+01
1.429919698610487799e+01
1.442396093339628749e+01
1.446328120886815860e+01
1.446886409586564959e+01
1.449849975949842040e+01
1.451713120844214089e+01
1.451903794906935197e+01
1.452468451769505364e+01
1.454104707389981321e+01
1.454327608526715565e+01
1.459075161417852584e+01
1.463564281394301325e+01
1.464473214728521988e+01
1.469377410101467163e+01
1.470743882052013340e+01
1.472870351723194915e+01
1.475320840466462968e+01
1.475998744156977693e+01
1.477710098663760618e+01
1.478534170029042016e+01
1.483027212743813195e+01
1.485370108850974269e+01
1.491516715431477635e+01
1.492401091789050227e+01
1.493363236835320507e+01
1.494384433219224739e+01
1.497844737821514727e+01
1.500060636110939427e+01
1.508329655239139733e+01
1.509825588573490585e+01
1.514387182844473934e+01
1.516484814758509536e+01
1.516570265805871109e+01
1.519328966655822910e+01
1.521408103601379125e+01
1.521626653364403658e+01
1.522699162053405608e+01
1.524860597062427381e+01
1.527434079174750003e+01
1.532856159060322021e+01
1.533493355654911205e+01
1.533651185857306487e+01
1.535556856030971673e+01
1.535917100685944447e+01
1.535936947315884460e+01
1.540910979296545591e+01
1.542339140891873761e+01
1.552232481333129854e+01
1.553357656149136190e+01
1.553560125338051989e+01
1.553806086324956048e+01
1.554841103540865355e+01
1.555237451319317721e+01
1.555368308083229500e+01
1.556218353402054255e+01
1.559355412124020646e+01
1.568714247801887396e+01
1.570006659902183799e+01
1.573028349139370974e+01
1.574000511288138782e+01
1.575900767967205773e+01
1.576206868818429108e+01
1.577515691556478217e+01
1.579552420598004936e+01
1.579634320447815377e+01
1.583164721844418921e+01
1.584370540744159328e+01
1.585571976791062809e+01
1.587595476961705643e+01
1.590441220280180268e+01
1.595109878840911577e+01
1.598472508472726439e+01
1.600334159967950853e+01
1.600862079099640312e+01
1.601335172774337678e+01
1.601498384832204991e+01
1.602081008887701685e+01
1.602702433069788057e+01
1.605099467571245242e+01
1.605146029613097625e+01
1.606044827519880513e+01
1.607015706781252362e+01
1.608915239596367286e+01
1.610762640654801459e+01
1.615023798313058379e+01
1.615439853090836309e+01
1.615478716903425038e+01
1.618551926456539292e+01
1.618788921106074596e+01
1.619824230041734126e+01
1.624182101658828259e+01
1.624406205103348810e+01
1.627983456782365579e+01
1.628333121411502660e+01
1.630665726520604508e+01
1.631996341762017977e+01
1.632403310063311608e+01
1.633918450204387085e+01
1.637443253840658741e+01
1.637898299237985356e+01
1.640417566579788655e+01
1.640693093136781400e+01
1.642456460028832055e+01
1.645299510022805478e+01
1.645414372985688445e+01
1.646920871008838105e+01
1.647080486752438588e+01
1.647298993414572621e+01
1.650221438956208786e+01
1.650442824988610724e+01
1.652191976354272995e+01
1.653138962634788101e+01
1.653621132395821647e+01
1.654096085806451555e+01
1.654993984513603067e+01
1.657671428313789619e+01
1.657713095003073889e+01
1.660470588861465302e+01
1.662307318113660060e+01
1.664939520678249352e+01
1.667787712856123861e+01
1.669117570185958144e+01
1.669647812993011016e+01
1.670058084226551642e+01
1.674630632063210101e+01
1.676791329773693207e+01
1.676820158136294481e+01
1.677555334137736409e+01
1.678257547770843772e+01
1.680100676380132185e+01
1.680691937483716458e+01
1.681198537891167533e+01
1.682654452454242389e+01
1.682984145012445154e+01
1.687352162956818091e+01
1.689128273358805643e+01
1.691874816009269367e+01
1.696481300244573731e+01
1.697394406096304209e+01
1.698757581512658277e+01
1.699326997077316648e+01
1.699997742395763822e+01
1.700343121353629527e+01
1.706536024128499918e+01
1.706773061334394015e+01
1.708494269849468949e+01
1.710449457501386661e+01
1.711069909967043401e+01
1.711306385060712287e+01
1.711361589477632350e+01
1.716092764807927296e+01
1.716392893707978828e+01
1.717640562208429245e+01
1.718143539988280821e+01
1.718383236881193099e+01
1.719196926391972369e+01
1.721282984087718404e+01
1.721463923628001069e+01
1.724183933040771421e+01
1.725038656848281704e+01
1.728669166375409105e+01
1.730959853501990864e+01
1.732567690331856980e+01
1.733928010835434463e+01
1.734124632420567380e+01
1.734294184930641691e+01
1.736245363850846601e+01
1.736574524967037192e+01
1.737673508139296175e+01
1.739841114151835200e+01
1.740980197236619276e+01
1.742163414728419824e+01
1.744113460941504812e+01
1.744425857395394885e+01
1.748449587515434800e+01
1.749186634124210116e+01
1.749557054879959495e+01
1.752705759123022133e+01
1.753311939678901155e+01
1.754276325282226523e+01
1.756031858600905693e+01
1.757909377632805459e+01
1.765754326455240886e+01
1.766161349695087068e+01
1.766391924437655092e+01
1.770319540649754941e+01
1.772367779684281075e+01
1.773859679144283774e+01
1.774998229821438045e+01
1.778218903209943846e+01
1.779470751359527370e+01
1.780837887464592129e+01
1.781827835244113345e+01
1.782537481166300353e+01
1.784703519383171155e+01
1.785056880145679159e+01
1.786177983379034728e+01
1.786444358405255528e+01
1.787070979373262247e+01
1.790119366850875338e+01
1.792344387601268352e+01
1.793199219436882430e+01
1.794959505637254082e+01
1.796381708416022960e+01
1.797892731440655112e+01
1.798364174804171611e+01
1.800191523390612858e+01
1.801926455881182321e+01
1.802358469035176824e+01
1.803175469714604873e+01
1.803250250109197594e+01
1.803594740595173818e+01
1.805217918001739719e+01
1.805603845911450378e+01
1.806020885185585456e+01
1.806132130459961971e+01
1.807122584564708490e+01
1.809811701580183652e+01
1.811787757240700003e+01
1.811863190987070027e+01
1.812660796146606756e+01
1.813032118997340802e+01
1.814817317893528070e+01
1.817145926268943867e+01
1.817910114375041530e+01
1.819468831747770565e+01
1.819987849734386742e+01
1.819990447406264167e+01
1.820861116527098034e+01
1.821700545531136584e+01
1.825528935645080253e+01
1.826823412165768090e+01
1.829680526031236809e+01
1.830176574130772593e+01
1.832165089985645778e+01
1.832748401387347315e+01
1.834889972020912552e+01
1.839866645878367990e+01
1.847066091821201184e+01
1.847508376125150420e+01
1.849513454557149572e+01
1.849587598162387181e+01
1.849877001706337509e+01
1.851973436126395356e+01
1.851984983709720467e+01
1.852627155384654856e+01
1.853444272596126297e+01
1.854626120743695239e+01
1.859445640758332985e+01
1.859942246075360828e+01
1.860194764814624691e+01
1.860555610800633630e+01
1.862713624008990010e+01
1.863038926259044104e+01
1.863080773367915199e+01
1.864201573969423720e+01
1.864652977947584844e+01
1.865422770753503201e+01
1.865687519560115604e+01
1.866019234764118195e+01
1.870686217016259079e+01
1.872470775353455252e+01
1.873332552988785693e+01
1.875375704536151389e+01
1.876198213359924338e+01
1.877910893728438424e+01
1.878987939427099008e+01
1.880407420005458974e+01
1.882241684697607198e+01
1.883843096334574341e+01
1.885116127022376631e+01
1.885958257678396421e+01
1.886275792868793388e+01
1.886441034695434738e+01
1.887326637141399743e+01
1.887852700270798323e+01
1.888161522381533430e+01
1.889410150289265289e+01
1.890621333940253379e+01
1.892036547304728700e+01
1.892042949401614038e+01
1.892064438760328215e+01
1.892166369325116193e+01
1.893110235807431252e+01
1.894436492231408664e+01
1.895351456839023285e+01
1.897421021174128342e+01
1.897530089943431264e+01
1.901325110784920014e+01
1.903168902843404453e+01
1.905233454401343707e+01
1.906722532725042640e+01
1.907956159384888295e+01
1.908706104103233869e+01
1.911677835414649707e+01
1.911820392298681881e+01
1.912404700342097996e+01
1.912581910674894203e+01
1.913099999016703379e+01
1.913888392036118091e+01
1.913911564736271842e+01
1.914988093422593352e+01
1.915257594359933790e+01
1.917579941625625395e+01
1.918175319279163915e+01
1.921035046541122782e+01
1.921644061124359126e+01
1.926673465300564914e+01
1.927262801556646465e+01
1.927537628642671308e+01
1.929444914385362253e+01
1.932091410912837759e+01
1.934200762960548303e+01
1.934295600772546919e+01
1.936322812719744135e+01
1.936481321737845107e+01
1.937182495683411787e+01
1.938462883871127218e+01
1.941058132092853938e+01
1.943509808734602728e+01
1.944606666595202071e+01
1.945839628647349073e+01
1.945894072485889126e+01
1.947613410665735501e+01
1.948089258383447842e+01
1.948466727109796537e+01
1.948798847173798521e+01
1.949140509913055652e+01
1.949473370890597579e+01
1.950121261410406603e+01
1.950181454389634794e+01
1.951903018037881665e+01
1.953331510247830494e+01
1.953514123182916506e+01
1.954361524503829273e+01
1.955748487254164658e+01
1.956425162674666396e+01
1.956589126880906448e+01
1.957430186161015939e+01
1.958640997383870186e+01
1.959487790242010874e+01
1.962664723679215584e+01
1.964989713656772352e+01
1.965744259928089832e+01
1.966913366744047309e+01
1.967392000693429210e+01
1.968377582643165979e+01
1.968589163035014522e+01
1.969503845716351620e+01
1.970471479780965396e+01
1.972138931583680588e+01
1.972319188703410830e+01
1.972877844382731638e+01
1.974721872582212967e+01
1.975015998833945829e+01
1.977149277674808658e+01
1.979766651485372009e+01
1.979822156620856788e+01
1.980489822464397776e+01
1.980732415203883434e+01
1.981577201266143362e+01
1.982845292732016418e+01
1.983940688491517079e+01
1.984157580835952572e+01
1.985671534290434437e+01
1.987103812340274089e+01
1.987524612014562564e+01
1.987803255140633851e+01
1.988720882691458414e+01
1.988800428639058282e+01
1.988967764056600984e+01
1.989808495430291302e+01
1.991308547417474628e+01
1.992731332109207543e+01
1.993416160973791662e+01
1.994082715582401377e+01
1.994886974720409967e+01
1.995736543154698239e+01
1.996019415976703471e+01
1.997050044014126868e+01
1.997787261705978068e+01
1.998408801853474159e+01
1.999346293154575704e+01
2.000220579071101312e+01
2.000871576632882665e+01
2.000880673204300564e+01
2.001062244382640642e+01
2.001565481324404416e+01
2.002600638267659150e+01
2.009545989456616155e+01
2.010998009041801282e+01
2.011246265029964775e+01
2.011538054238879880e+01
2.011586522725391291e+01
2.013444643355953900e+01
2.015368066618703580e+01
2.017766179289667861e+01
2.018353531483564467e+01
2.018990070263351910e+01
2.021457970663878001e+01
2.021576281817131715e+01
2.022521532389852439e+01
2.022552935717596156e+01
2.023553023198358147e+01
2.024790296802542500e+01
2.027263268786417783e+01
2.028437322803423726e+01
2.029491292654922319e+01
2.029596430768438964e+01
2.029655974949508135e+01
2.031530727370560641e+01
2.034849647419765972e+01
2.035695701017881021e+01
2.036198161438268528e+01
2.037490797538185205e+01
2.039356258619003626e+01
2.040388417439034896e+01
2.041528087760153909e+01
2.042557854678457119e+01
2.042705808334771689e+01
2.043774770309162037e+01
2.043919348447627016e+01
2.045164874993452386e+01
2.045236450602933331e+01
2.045505188297518728e+01
2.047531740302773784e+01
2.049160771944517379e+01
2.049796736440656986e+01
2.050057159220249758e+01
2.050848015490118215e+01
2.051990608941227023e+01
2.052986573005969007e+01
2.054250614113264106e+01
2.054750750477262500e+01
2.054756375302603288e+01
2.055269696473884977e+01
2.056345554015836896e+01
2.057326683110489185e+01
2.057826767831599923e+01
2.057893921766037337e+01
2.058920971863287974e+01
2.059255192001497647e+01
2.059558547814956952e+01
2.061863988065272579e+01
2.062177517591304010e+01
2.064239970081999687e+01
2.064447294514682341e+01
2.064869347269090483e+01
2.065519481297909721e+01
2.066357218539411633e+01
2.066361244482526160e+01
2.066936538696646153e+01
2.067051968176382459e+01
2.068055199799387722e+01
2.069459987017042835e+01
2.069790827874070160e+01
2.070622903038174911e+01
2.071205191716758165e+01
2.071519224511266799e+01
2.072053863316185485e+01
2.072382304967457500e+01
2.073553836821836427e+01
2.075301585803159554e+01
2.078312457495058396e+01
2.078322344685431133e+01
2.078687478161318936e+01
2.078870992519509642e+01
2.078943995871777517e+01
2.079032357499405492e+01
2.079587439985551356e+01
2.079732600140527765e+01
2.081441829660083442e+01
2.081773297944204870e+01
2.082114751782919626e+01
2.084089979621357358e+01
2.084746092097494952e+01
2.084795305149515698e+01
2.086778777659802842e+01
2.087224025812679429e+01
2.088779303822592226e+01
2.089266854944273888e+01
2.089841539476713095e+01
2.090589093604997828e+01
2.091106632143807076e+01
2.092660647686729192e+01
2.093779494566828348e+01
2.096079104515322911e+01
2.097965250202724619e+01
2.099460063923140396e+01
2.099505020807625399e+01
2.100261503650298422e+01
2.102011296262401885e+01
2.102719904792738603e+01
2.103708989327605039e+01
2.105878088299786199e+01
2.106231739644697143e+01
2.107993589809091617e+01
2.109050268741255962e+01
2.109156264641501011e+01
2.109266429710886825e+01
2.110570039439744860e+01
2.111986191327340379e+01
2.112030666962964887e+01
2.112746422006398106e+01
2.116657938048079401e+01
2.117106253813630090e+01
2.117637762994222328e+01
2.117717700574223016e+01
2.123033264947345344e+01
2.124892748877774551e+01
2.125086140045981864e+01
2.127555620161730587e+01
2.127771695411736275e+01
2.128265016587812042e+01
2.131075250536959942e+01
2.132945102480099919e+01
2.134347342285008864e+01
2.135853004761272445e+01
2.137177503403952983e+01
2.137179661807235220e+01
2.137255703047384969e+01
2.138133472490871867e+01
2.143370385340493911e+01
2.143616008535750339e+01
2.145036174524083350e+01
2.147978589078627465e+01
2.150097137108997103e+01
2.150310226544160486e+01
2.150772790642155741e+01
2.152742300210678650e+01
2.153313280565281218e+01
2.153620473178622063e+01
2.154290551284000443e+01
2.155020135213988297e+01
2.155741305321264178e+01
2.156608855809203007e+01
2.156770176939200212e+01
2.156994288007726723e+01
2.158490794761215881e+01
2.158997214484267602e+01
2.160867077642145517e+01
2.162244594518653429e+01
2.162858757333567539e+01
2.163110352163381123e+01
2.163206966749295290e+01
2.163668252263082792e+01
2.164129424351990139e+01
2.164584483761375466e+01
2.165767043563141669e+01
2.166398434842925980e+01
2.169097181098960903e+01
2.170336923696735454e+01
2.171390173521157152e+01
2.171490733556639796e+01
2.171739749971467504e+01
2.174575360590460349e+01
2.178526656833646769e+01
2.178851220656659748e+01
2.181949883562081638e+01
2.184447097315644015e+01
2.185878706197333798e+01
2.187771361150535299e+01
2.189504671614406206e+01
2.189642421485378421e+01
2.190619869425771071e+01
2.191113750291983209e+01
2.191163333196770324e+01
2.193182777631048097e+01
2.195296686864853442e+01
2.196142934287889403e+01
2.196820053797084427e+01
2.197242069038879819e+01
2.199397095303225314e+01
2.199397729503758114e+01
2.202633740205212831e+01
2.203603558766335979e+01
2.204389539702390977e+01
2.204544795654266665e+01
2.204783000495211098e+01
2.205267810494623504e+01
2.205331364896535717e+01
2.205336715572048689e+01
2.205410021892246419e+01
2.205782608965470359e+01
2.209579324266000455e+01
2.209609911990772346e+01
2.211056808936473672e+01
2.212962715197186725e+01
2.213949103835063426e+01
2.215913570806387867e+01
2.216831778011567877e+01
2.217367240101348003e+01
2.219253302345508061e+01
2.221579039801784816e+01
2.222599361002449925e+01
2.223024611930758354e+01
2.225661874215016667e+01
2.225932186929018286e+01
2.226009536992894056e+01
2.229682259698601143e+01
2.229887999857344383e+01
2.229934693836539239e+01
2.230784158676511808e+01
2.232989668090598201e+01
2.233479624805444885e+01
2.233664603983963914e+01
2.234376985199774879e+01
2.235495323987613858e+01
2.236761273106668924e+01
2.236938299755892956e+01
2.238968849902840930e+01
2.240274115143594713e+01
2.242720147799464314e+01
2.243054803497076222e+01
2.244640499151589808e+01
2.247322251744743582e+01
2.247557641745408574e+01
2.247609667815569523e+01
2.248535547754978481e+01
2.248638889207610347e+01
2.251791197355266050e+01
2.253253934687113613e+01
2.253863187382710365e+01
2.255684078521198188e+01
2.255932505102377661e+01
2.257526605805769648e+01
2.259368042520211617e+01
2.260220713112821045e+01
2.260227885619573840e+01
2.260389141834661331e+01
2.261376111229466446e+01
2.261495722587728352e+01
2.262285493928353830e+01
2.262695977521055113e+01
2.263982297359215323e+01
2.265194395848523712e+01
2.268180736777007311e+01
2.269123739843612242e+01
2.269135107994627987e+01
2.269304227106896477e+01
2.270060407236479705e+01
2.270078159409974461e+01
2.270195977999539849e+01
2.272683102636351649e+01
2.272696200478114648e+01
2.272785789123275535e+01
2.273326283630849787e+01
2.274706530864382614e+01
2.283221344542859654e+01
2.283698643855025168e+01
2.284507716944288802e+01
2.284607489340967490e+01
2.285300727975613455e+01
2.285806865804269705e+01
2.288156812839519105e+01
2.288797679936113738e+01
2.290452929385377701e+01
2.292191642605850888e+01
2.292292987124298875e+01
2.293265480018238378e+01
2.293785438650956010e+01
2.294287026035474497e+01
2.296868903383190030e+01
2.297985551673605897e+01
2.298422334569346859e+01
2.299326818584829013e+01
2.299490156607611269e+01
2.299763743520024306e+01
2.301082826739598630e+01
2.301087710243960771e+01
2.301842119842882184e+01
2.302946534223725550e+01
2.303127389401378267e+01
2.303735853781945764e+01
2.305464692275305083e+01
2.305994363040185746e+01
2.308606545341498872e+01
2.310529661674414825e+01
2.310579931302192946e+01
2.310937985193326227e+01
2.312190488999968352e+01
2.316133929009061987e+01
2.316420577061840191e+01
2.317557446699167301e+01
2.318118744373506246e+01
2.318339873866941758e+01
2.318362044432720381e+01
2.319080528955652909e+01
2.320030511704948850e+01
2.322500819153514229e+01
2.325366906104329345e+01
2.325605145814858332e+01
2.327036934955366121e+01
2.327399297833120073e+01
2.329218815012432131e+01
2.329466184226206593e+01
2.329488484708841867e+01
2.329587930322558265e+01
2.330735729894802688e+01
2.331596702156715040e+01
2.332417042818543607e+01
2.333291182965825783e+01
2.335354947773543088e+01
2.336041630939860880e+01
2.338750714227897021e+01
2.339304958249332600e+01
2.340515846639568309e+01
2.343029521472071863e+01
2.346041566291548364e+01
2.346774634137852189e+01
2.347933551867136970e+01
2.349271488745620573e+01
2.349536247893550467e+01
2.349641661313714636e+01
2.349764172679104490e+01
2.350084445267340527e+01
2.350217732209745236e+01
2.350914330557131038e+01
2.351163602593070934e+01
2.352377178664213631e+01
2.352671480040050511e+01
2.352860742637867730e+01
2.353328224820310055e+01
2.354722957118045912e+01
2.354885733209662746e+01
2.356835070407822741e+01
2.357449352782008489e+01
2.357778919828009379e+01
2.358171725856669099e+01
2.358497207746221136e+01
2.358718127933186537e+01
2.360671586456019355e+01
2.361158703379348012e+01
2.364734702984735293e+01
2.366972035188801016e+01
2.369397004968469389e+01
2.369825277341273662e+01
2.370727960145287483e+01
2.371543225013781253e+01
2.376820714893246844e+01
2.377058897809297733e+01
2.378848466062540368e+01
2.383800672046472613e+01
2.384578785526499445e+01
2.385589907957680822e+01
2.388680176659205401e+01
2.388704030720030858e+01
2.389809132273697401e+01
2.393958535134908061e+01
2.394738783591024855e+01
2.394824660536455241e+01
2.396352524563062403e+01
2.396843413168211256e+01
2.396862557964136897e+01
2.397111541666843948e+01
2.401655601677886764e+01
2.405129386200308161e+01
2.405747559979415584e+01
2.406036260006901273e+01
2.407028280119850550e+01
2.409736990193424333e+01
2.411878731118934027e+01
2.412229521454417025e+01
2.413205325407353641e+01
2.413250823793760702e+01
2.415266404463057270e+01
2.415539895383544433e+01
2.415855448677693218e+01
2.417501197493287890e+01
2.421934580585908492e+01
2.424930590471259251e+01
2.426506209373140877e+01
2.430478177562281417e+01
2.431404333785310001e+01
2.433613461365413499e+01
2.434419191791766934e+01
2.435034239768246422e+01
2.435587000905659494e+01
2.436857055740821210e+01
2.437634332683461125e+01
2.439225216980750233e+01
2.442438554596206046e+01
2.442728692018886960e+01
2.443691213622987135e+01
2.446856762642379834e+01
2.450732054893076750e+01
2.450880754516333582e+01
2.458828208936327542e+01
2.459645231046007652e+01
2.460233815487056575e+01
2.462909280140666723e+01
2.467088494662283082e+01
2.467703100149649842e+01
2.468987008971949848e+01
2.471541404727419078e+01
2.473246503965500409e+01
2.473368260440428656e+01
2.475135031059237178e+01
2.480011103066827260e+01
2.480910629570137615e+01
2.484278426454143585e+01
2.487797980131629672e+01
2.491053689337070409e+01
2.491509947545623405e+01
2.491621702705156594e+01
2.491694490051475697e+01
2.491857126774639397e+01
2.495905609640530542e+01
2.497160902920586167e+01
2.498577434475844683e+01
2.500809328665115316e+01
2.503925677772222613e+01
2.505755710436384120e+01
2.506728933731212194e+01
2.507297135927163723e+01
2.508555362090763552e+01
2.508968750299185047e+01
2.509402506867466087e+01
2.513090679165630092e+01
2.515152651422101115e+01
2.516066230022714478e+01
2.516694652966591050e+01
2.519972831799108448e+01
2.520739607524486203e+01
2.524344871076349506e+01
2.524575521137085232e+01
2.525721850999599383e+01
2.526058869583360433e+01
2.530029360995477816e+01
2.530950009387399291e+01
2.533473043356898913e+01
2.538578072657596962e+01
2.545638476964250074e+01
2.548364623352826186e+01
2.551364224571051409e+01
2.560706862447825216e+01
2.560884306381343478e+01
2.561086448374556923e+01
2.562191744692762541e+01
2.565932552797406885e+01
2.566435820604817053e+01
2.567632898564427890e+01
2.569986559951432170e+01
2.570797388304517384e+01
2.573221791696646932e+01
2.577995171054069345e+01
2.578103252070764739e+01
2.578706637146605019e+01
2.579448459912753222e+01
2.584827336274305054e+01
2.590843135201204817e+01
2.593192451225620943e+01
2.594420640605483896e+01
2.596092519754720485e+01
2.599164928306247546e+01
2.599666448123929285e+01
2.600687313416155888e+01
2.601566143562332556e+01
2.601670689946176296e+01
2.603290285707069529e+01
2.605711007651953537e+01
2.607176867407465437e+01
2.609991127873157168e+01
2.611585508709544001e+01
2.612584591741994444e+01
2.614450149034983539e+01
2.616644551425428133e+01
2.617727883544656109e+01
2.624228805489340033e+01
2.624526392624967386e+01
2.626949941743349726e+01
2.628340527819987571e+01
2.630957282538040687e+01
2.635281111432145096e+01
2.637302144348980804e+01
2.644668100929246890e+01
2.644861032930234046e+01
2.649407033080844442e+01
2.650936322535996581e+01
2.652570276914928016e+01
2.653844615051877298e+01
2.654214382943077410e+01
2.654697736787215945e+01
2.655033290962840553e+01
2.656423574875667626e+01
2.659681618489508281e+01
2.664762193553839964e+01
2.668709488071825575e+01
2.668918569038013544e+01
2.670785698687430454e+01
2.677830255726403763e+01
2.679096573316396146e+01
2.680906995918691038e+01
2.688039701223301492e+01
2.688869242903234635e+01
2.691017234440267814e+01
2.695901665778738376e+01
2.700578315783109673e+01
2.701988572862185833e+01
2.704767978172144893e+01
2.706159980162671630e+01
2.713033860903267325e+01
2.714886603909328500e+01
2.718233983261616160e+01
2.718421743878736763e+01
2.723481736918439466e+01
2.725432342156287291e+01
2.727960293442600914e+01
2.735362433029472484e+01
2.740580229442200988e+01
2.742386493073875187e+01
2.746115252649250849e+01
2.754509033183001776e+01
2.756472950070723371e+01
2.762525583944142937e+01
2.765093912527051501e+01
2.769677724344289871e+01
2.778534580722954317e+01
2.785264770465971651e+01
2.787113545584136176e+01
2.795631015860123370e+01
2.805276004752048635e+01
2.811268370656073401e+01
2.811272044225364652e+01
2.820785807556418945e+01
2.822800273186116016e+01
2.832506399976433542e+01
2.841443154497026669e+01
2.848002643001114009e+01
2.849456980545282292e+01
2.850744081096196325e+01
2.851549454503449965e+01
2.854419657643789421e+01
2.884783090425434438e+01
2.890236932406298109e+01
2.915606805246961386e+01
2.935957996858780916e+01
2.939120325669346201e+01
2.942976605601297280e+01
2.952202056112096784e+01
2.999975435837669124e+01
3.031198384880071472e+01
3.248073640012805186e+01
