5.457653946604177353e-01
5.589529262592994874e-01
5.724444216853338263e-01
5.871624051811307199e-01
5.884677838342859957e-01
5.984876157584336775e-01
6.019805547394870837e-01
6.055285055705974528e-01
6.127953954735104736e-01
6.144967592674124290e-01
6.262604774640075922e-01
6.275411867185974879e-01
6.313010124744905527e-01
6.317629457175252261e-01
6.422634207029607190e-01
6.457281340002811731e-01
6.459611571996350943e-01
6.485134059404467077e-01
6.538478361490382973e-01
6.550148504007206052e-01
6.554975706575972838e-01
6.593914763337729301e-01
6.653456497389821367e-01
6.685716950314025686e-01
6.688209224213083059e-01
6.717035830219950654e-01
6.719768820839123746e-01
6.740756046034621640e-01
6.762426894151404300e-01
6.804551441472587170e-01
6.807219198688896356e-01
6.841139756075408362e-01
6.846130164690139575e-01
6.863552074700616235e-01
6.870102917501006434e-01
6.872292394479686539e-01
6.891002958478856799e-01
6.898623605938692949e-01
6.938816659063944403e-01
6.950124918001487906e-01
6.956634646529401556e-01
6.958887612126156696e-01
6.993983162633244932e-01
6.997292980862094280e-01
7.017385807524022523e-01
7.026252515037862967e-01
7.027118469539197498e-01
7.043624304180228224e-01
7.060936596936194798e-01
7.062742651150247797e-01
7.081165894750244272e-01
7.122553899607063643e-01
7.146553419012234842e-01
7.155514716272820541e-01
7.164917929712227851e-01
7.186824170536786349e-01
7.188686606846313998e-01
7.205043339694319204e-01
7.229740500246768509e-01
7.232324469130909650e-01
7.233922584394592015e-01
7.234400465196737517e-01
7.253228982031829641e-01
7.262166259430390403e-01
7.267311184494362752e-01
7.274448417516253818e-01
7.277677785151858147e-01
7.304476140530152817e-01
7.306030327928557666e-01
7.341789777911666981e-01
7.342388500169579890e-01
7.367144980900700579e-01
7.374769356420644018e-01
7.378657645704579382e-01
7.394437808346603358e-01
7.396149863452350370e-01
7.404425718451801419e-01
7.408793695962803127e-01
7.416877491833401281e-01
7.417909742361752379e-01
7.425762463250019652e-01
7.431946130007005547e-01
7.445668029943388611e-01
7.450477043402649047e-01
7.458551255403669256e-01
7.475741986385255888e-01
7.485060319537903961e-01
7.492693699793133710e-01
7.494615744730602769e-01
7.494983864430809772e-01
7.497825418482501059e-01
7.499041979257118351e-01
7.513543283998511679e-01
7.517301627642514195e-01
7.525633362755591582e-01
7.532434088126255256e-01
7.534553985432551615e-01
7.534573445611659759e-01
7.538672714287203425e-01
7.539287847068486537e-01
7.545485610396379661e-01
7.549789549504671848e-01
7.554327197816315120e-01
7.557918414001061347e-01
7.559512067407189173e-01
7.560071907591916496e-01
7.561366756803671318e-01
7.575343361707272960e-01
7.576725188378623521e-01
7.577758668293584909e-01
7.582211778516498857e-01
7.598098803234141219e-01
7.606039611908114173e-01
7.610232557160392375e-01
7.614186193716324658e-01
7.625656300776704200e-01
7.628596912800020835e-01
7.628739021850844404e-01
7.629616004445091137e-01
7.631047121224907581e-01
7.637620910229683258e-01
7.639387997493274352e-01
7.645505567238156663e-01
7.646272591807306007e-01
7.647496538454697790e-01
7.648031451642405276e-01
7.650572849112515783e-01
7.651818026066740108e-01
7.654970695133781478e-01
7.656967803518462956e-01
7.657489623946681645e-01
7.657603788499189879e-01
7.659718424420964844e-01
7.659870868772221675e-01
7.660252297987318881e-01
7.667942285002037339e-01
7.669654665378121683e-01
7.673029724407947061e-01
7.678686751685634970e-01
7.682897143465878820e-01
7.684178691840433117e-01
7.688623744071546584e-01
7.705284233542333272e-01
7.715232747946888514e-01
7.718907520840683212e-01
7.719986180151239274e-01
7.724881089599375805e-01
7.727326164746409765e-01
7.734805648108341591e-01
7.744850508204803585e-01
7.746001859061831807e-01
7.747115846034650088e-01
7.756877804046974356e-01
7.757569746621419959e-01
7.771937152434620355e-01
7.774982100264545837e-01
7.795128878453495558e-01
7.805546762172073105e-01
7.808070983050180436e-01
7.809409296484078888e-01
7.810707575041836437e-01
7.818067770254237825e-01
7.822473211237915836e-01
7.839084303493162320e-01
7.849351794045209552e-01
7.853014236114272961e-01
7.855568205218323996e-01
7.855657971789073990e-01
7.856224042918904527e-01
7.861915632271222476e-01
7.862024270727535624e-01
7.869626160623820477e-01
7.875571584202927244e-01
7.876462334633326234e-01
7.876745596964155327e-01
7.880877439710113341e-01
7.881890903125314818e-01
7.883778582418277114e-01
7.885507970861086458e-01
7.886125100628986750e-01
7.894135696548654213e-01
7.896612749595656178e-01
7.900544284420265573e-01
7.904762661598625506e-01
7.911013684244170285e-01
7.913411447814306943e-01
7.921856958383745040e-01
7.922102254024093737e-01
7.922125226784187957e-01
7.927263346081800943e-01
7.940020954039052059e-01
7.940927285398390323e-01
7.944387580419368655e-01
7.944995337232867438e-01
7.951385664536696485e-01
7.951987654515897397e-01
7.953200325606099019e-01
7.955046909386290777e-01
7.956749368594714378e-01
7.963148509451954959e-01
7.966903063543598895e-01
7.967724070364121669e-01
7.970866716555504716e-01
7.982760160157709173e-01
7.984497775798871100e-01
7.989645794767430420e-01
7.997399831972550333e-01
7.998554234941338548e-01
7.999550618526567458e-01
8.004603296000554202e-01
8.005505135958129737e-01
8.005542736410573568e-01
8.005572356075419949e-01
8.006571297126613418e-01
8.014595522327555566e-01
8.018141962961390368e-01
8.018788100484862680e-01
8.020663711538418283e-01
8.027216298403524464e-01
8.028645370455147479e-01
8.032932246204681492e-01
8.036183190428206613e-01
8.037661832566964648e-01
8.039409137487881774e-01
8.047282939388097356e-01
8.048455917967700657e-01
8.051510092385212314e-01
8.056370328800507297e-01
8.057865221566299363e-01
8.058391957037095432e-01
8.061452019137566039e-01
8.063692732990297429e-01
8.064060000043881127e-01
8.081778501276373206e-01
8.086481939065682800e-01
8.087967811425537112e-01
8.090584924520539678e-01
8.094147004092545616e-01
8.098007794263287762e-01
8.102932190439136040e-01
8.106191836832568054e-01
8.106959129753036342e-01
8.107849893721054135e-01
8.118047039019863353e-01
8.123007320742892112e-01
8.123321091207736933e-01
8.132678920783978915e-01
8.142668887726709492e-01
8.148293041087794064e-01
8.150577039800861456e-01
8.151974756825358659e-01
8.156303749483789778e-01
8.156340494961848986e-01
8.163970263074441513e-01
8.164139307368614151e-01
8.169269643705989736e-01
8.170519551163144545e-01
8.172306313100060615e-01
8.172472442554803429e-01
8.174496362785923509e-01
8.178772347650687946e-01
8.178959504087085497e-01
8.180566574721840345e-01
8.190725914988130629e-01
8.201164136361929202e-01
8.219111299806637350e-01
8.220614026563755061e-01
8.223773395341731351e-01
8.228498394415791894e-01
8.229886361659959348e-01
8.233387355058138235e-01
8.233428762005997603e-01
8.234589891046717458e-01
8.235000351028255450e-01
8.240891110028911726e-01
8.242538118076264686e-01
8.243161367223504898e-01
8.246576713890343413e-01
8.247777376548686146e-01
8.250787744224256093e-01
8.256137884491639989e-01
8.263257108037090903e-01
8.272728638796601475e-01
8.275180158592132518e-01
8.282112906293074284e-01
8.286465858373793791e-01
8.288563615585452515e-01
8.298187910664419631e-01
8.298715121863801114e-01
8.309620385762138683e-01
8.309654764174556618e-01
8.312827903586127443e-01
8.315117578550444977e-01
8.333319618057851708e-01
8.345510658706456475e-01
8.347517589282724693e-01
8.348200386340333123e-01
8.348702010440027799e-01
8.355730971008237251e-01
8.357552627875405316e-01
8.361284480126339735e-01
8.362101958982618433e-01
8.367629261022681009e-01
8.368830081768711127e-01
8.374731339875196579e-01
8.385380033061357041e-01
8.386081742572669695e-01
8.390902939986649711e-01
8.393127960863624448e-01
8.394597663613552196e-01
8.394659694250102833e-01
8.400558676500871069e-01
8.400698120249103784e-01
8.410840799828080971e-01
8.412505486998679283e-01
8.414854669833177203e-01
8.416642755713025226e-01
8.420322652084587522e-01
8.421620625503727364e-01
8.424867073723283362e-01
8.429011009301237145e-01
8.430205596094768605e-01
8.432875381695725814e-01
8.441956789638852543e-01
8.442401142082132104e-01
8.445975287888752847e-01
8.447343653756069770e-01
8.449588486102568297e-01
8.449718230393290508e-01
8.451527711357370576e-01
8.452186361119777835e-01
8.454126580638235966e-01
8.457739734879810012e-01
8.460881992793417572e-01
8.463534410013923148e-01
8.466037429186727969e-01
8.469730352176162436e-01
8.470981586516361794e-01
8.472808309398234261e-01
8.477815872807592523e-01
8.478667255181364659e-01
8.484450871036032238e-01
8.489048942362690253e-01
8.489259679356236932e-01
8.490171096699303810e-01
8.494109973174850392e-01
8.501655494397446500e-01
8.507669638914749921e-01
8.514378473769169675e-01
8.514978765959477780e-01
8.524218260694007565e-01
8.524755109353028271e-01
8.526855152625718581e-01
8.527277200652084721e-01
8.527497711015336046e-01
8.536785815732291782e-01
8.537405532436920241e-01
8.549771746764849301e-01
8.552479986767962394e-01
8.569871424186223940e-01
8.571832803206541618e-01
8.576952745613005691e-01
8.579782775873093792e-01
8.582993267907119694e-01
8.586240961908354619e-01
8.586418539152315121e-01
8.587385570122415546e-01
8.588072287633072843e-01
8.590186705921656340e-01
8.596468190638969498e-01
8.601537185448977496e-01
8.603681022517342125e-01
8.604375320681337813e-01
8.605130553528572701e-01
8.605459858510523530e-01
8.607069987483847440e-01
8.608428003037712495e-01
8.610959118951697633e-01
8.614193822487153929e-01
8.615311737876858444e-01
8.616975233894127451e-01
8.617091829489555987e-01
8.622652867077972294e-01
8.623088080889735885e-01
8.623126692928110293e-01
8.623324385470634290e-01
8.626532434987754794e-01
8.627365604113080844e-01
8.634422568357659200e-01
8.634722877126949081e-01
8.641597472162810822e-01
8.641747121458702718e-01
8.648340735219464115e-01
8.651368691291777546e-01
8.652768394377617911e-01
8.655488453458131115e-01
8.656741410038791829e-01
8.658057984142639718e-01
8.664272846509623038e-01
8.667650860625806253e-01
8.668571982680189913e-01
8.678817214420044834e-01
8.679699998102110570e-01
8.680594376250000410e-01
8.680741365337913962e-01
8.683596013879660847e-01
8.685136090671795595e-01
8.687060285006636962e-01
8.687120183007183138e-01
8.687625050493413825e-01
8.690118266185526963e-01
8.691178237098694526e-01
8.692014277116105747e-01
8.692414893146335197e-01
8.693925735070781036e-01
8.694219995363223763e-01
8.695627683637727756e-01
8.705520063652999463e-01
8.706918579716320661e-01
8.711419650345575416e-01
8.714012623910963873e-01
8.714541043823426092e-01
8.715794325370839202e-01
8.717509886948652253e-01
8.723730830060830721e-01
8.726834547437116729e-01
8.735634816293976757e-01
8.735974950984821685e-01
8.738403999888035845e-01
8.739552363526383871e-01
8.739612922866080158e-01
8.742769614785456112e-01
8.754032024025781844e-01
8.758326959521890442e-01
8.759501679258477891e-01
8.759622113559945022e-01
8.760074331222671429e-01
8.760945922435021682e-01
8.761365716760213251e-01
8.761585463796214279e-01
8.768274508526913147e-01
8.773730506771784121e-01
8.782052108503853871e-01
8.782123219709339068e-01
8.783230410011698686e-01
8.784095155301685498e-01
8.785401590768007196e-01
8.786971371577485534e-01
8.787599092576029447e-01
8.790893411819855618e-01
8.791620766072775206e-01
8.796627271189583208e-01
8.796999796832268848e-01
8.799607236748558936e-01
8.800603010740071230e-01
8.810576766695137341e-01
8.810743376452604414e-01
8.811190554044651124e-01
8.811642793836551579e-01
8.812628877150786577e-01
8.812848546485272383e-01
8.815724505189108662e-01
8.816534689903295918e-01
8.818097037712649966e-01
8.819878977683893728e-01
8.825406641304379685e-01
8.826120065174187790e-01
8.826437615101662137e-01
8.828360878764469621e-01
8.828965386230163137e-01
8.831056558121731515e-01
8.831063815999838917e-01
8.837137878375853628e-01
8.839630328130027026e-01
8.840595346234438878e-01
8.844315172963738148e-01
8.844886093026147478e-01
8.851138971802094968e-01
8.853493580991779188e-01
8.855222910537909886e-01
8.856039355159059934e-01
8.856750258895382810e-01
8.858464659265697927e-01
8.861329153167230022e-01
8.861364456791158695e-01
8.861522166597026740e-01
8.861528847017969834e-01
8.861570126617673848e-01
8.866153243372515425e-01
8.867444965408903812e-01
8.870164699997132862e-01
8.871332928390427419e-01
8.877051738289534200e-01
8.880371853229084289e-01
8.884119067992917174e-01
8.884425157873470091e-01
8.886260172941234936e-01
8.886665289613410179e-01
8.887187588316155518e-01
8.890352591049831554e-01
8.896362751522172152e-01
8.898392679534824490e-01
8.899285089441920649e-01
8.901669843935350324e-01
8.905386506262267243e-01
8.906637752916577444e-01
8.912732007867351092e-01
8.913281261369677688e-01
8.917126856081537545e-01
8.918576210072703958e-01
8.918789434145752981e-01
8.924314466844285310e-01
8.930280099264539251e-01
8.943297524320477088e-01
8.947245992293578754e-01
8.947910193525473455e-01
8.949794466187163122e-01
8.950979734310248181e-01
8.953255063571947669e-01
8.956042979744960331e-01
8.956354150569910688e-01
8.960603139909841808e-01
8.961893089327710449e-01
8.965391571018120898e-01
8.969348346314747200e-01
8.974895744608656356e-01
8.976761137894805342e-01
8.978418348913181912e-01
8.984620078581767588e-01
8.985148948063119700e-01
8.987874817692399487e-01
8.988050936060688612e-01
8.988428090530604653e-01
8.989567458493114005e-01
8.990990720330626074e-01
8.992658359741436680e-01
9.000058197986786634e-01
9.000290724575557011e-01
9.005550529955250738e-01
9.007957148269936098e-01
9.008636306657721304e-01
9.012632514597539446e-01
9.013114380773576961e-01
9.013820719945589977e-01
9.018635763448175080e-01
9.020107620514354885e-01
9.021729360897571270e-01
9.023298803973708315e-01
9.025672742990999975e-01
9.027634483834958701e-01
9.027869778511314891e-01
9.028133567790599390e-01
9.028146858069587832e-01
9.029310403220242032e-01
9.030839751357062628e-01
9.033837668033856128e-01
9.034097666080300737e-01
9.040203616319206770e-01
9.043490609906235100e-01
9.045268297163021609e-01
9.048069868117245562e-01
9.049461737201447420e-01
9.052887413092781665e-01
9.055224231183562900e-01
9.057792458731313001e-01
9.061583975615156161e-01
9.062501851214742610e-01
9.062570220107933894e-01
9.065742927784967709e-01
9.069335712178442366e-01
9.069361472873910257e-01
9.069656472027598504e-01
9.070805802632778692e-01
9.070819678328935209e-01
9.071266475165414844e-01
9.071271469334989401e-01
9.076700272525493052e-01
9.079581064176257543e-01
9.085511944980184662e-01
9.089739567635856110e-01
9.093683651412692859e-01
9.095087712616581888e-01
9.095173211761068410e-01
9.096910845510634003e-01
9.100515376372971810e-01
9.104751845004857014e-01
9.106058163674991546e-01
9.106234332868285986e-01
9.106269718256355672e-01
9.108968208667029831e-01
9.113402315919049146e-01
9.114733528303133880e-01
9.115262872659909421e-01
9.121868463133434579e-01
9.121889348620815241e-01
9.122385482922202860e-01
9.123294951367125760e-01
9.123900701689249271e-01
9.127718406340016299e-01
9.130105902991543232e-01
9.131438420417460344e-01
9.131892877771343731e-01
9.132941586793821287e-01
9.133101963734024942e-01
9.134015360661893457e-01
9.135124204261437786e-01
9.135193567583559382e-01
9.140013889789452284e-01
9.140900890220139408e-01
9.141140691180600353e-01
9.142837315438547829e-01
9.143903848111982757e-01
9.144237727699437990e-01
9.144497685376120621e-01
9.145311416876799049e-01
9.149940068292523598e-01
9.158718330676367536e-01
9.159531582429771834e-01
9.160388296220611792e-01
9.166389293203948130e-01
9.168380423832143133e-01
9.170147020951026073e-01
9.172440046162652072e-01
9.173490306915764725e-01
9.175019350555770892e-01
9.177007947828332846e-01
9.184304804909848574e-01
9.184742014488074258e-01
9.188685270416209194e-01
9.191267125461786147e-01
9.191524381274568389e-01
9.195866499718443610e-01
9.196313283101030800e-01
9.198591388312979955e-01
9.200094419129991596e-01
9.200562878170578385e-01
9.201781442823083745e-01
9.202664260229701521e-01
9.202795461454681414e-01
9.204337549156316189e-01
9.208962174051386063e-01
9.214351532571868342e-01
9.215662934880303192e-01
9.217942963773658738e-01
9.220082736385386557e-01
9.221824226368834365e-01
9.222726622310828404e-01
9.222989822800261583e-01
9.228880629398898972e-01
9.231383257543330778e-01
9.239933385858376536e-01
9.240793758526694157e-01
9.241455427377066600e-01
9.241906120448609707e-01
9.244432128065417364e-01
9.245550133933606585e-01
9.246048346255765216e-01
9.254086761098206937e-01
9.258048544292898363e-01
9.260292659587954223e-01
9.261635095602571699e-01
9.262199965897086607e-01
9.264383803920868132e-01
9.264859191525248727e-01
9.266119430416633884e-01
9.266972640985283727e-01
9.267374564452156571e-01
9.267785500652694353e-01
9.271094943083744155e-01
9.271334731493131587e-01
9.274098012360539878e-01
9.275462594963136409e-01
9.275862352253323451e-01
9.278968347426264085e-01
9.284902241116147481e-01
9.287778366550635267e-01
9.288081078637153709e-01
9.288364163602655932e-01
9.288529375959758694e-01
9.295741002893562754e-01
9.301424107837478195e-01
9.301815464896022734e-01
9.302201088679408203e-01
9.302562094368205248e-01
9.303671722192390359e-01
9.308117228961089173e-01
9.309079881262456446e-01
9.310208396647341456e-01
9.314202222041368939e-01
9.316427005430101271e-01
9.317050419933973204e-01
9.321104733925137387e-01
9.323382722613900997e-01
9.325142861129281924e-01
9.325876217842040683e-01
9.338006133025494870e-01
9.340939142769152381e-01
9.341034912505069565e-01
9.344829050336354026e-01
9.345273458743688089e-01
9.345502585339912072e-01
9.345773033789054329e-01
9.348819372902198443e-01
9.351158450412779821e-01
9.356184940601737221e-01
9.356527881815706049e-01
9.360645352157286325e-01
9.361273044077729200e-01
9.363203174254899341e-01
9.363883546071255504e-01
9.364009310288771148e-01
9.365727610998445529e-01
9.366968296326411147e-01
9.367079582941453264e-01
9.370166372615529315e-01
9.375060237377266237e-01
9.375201913530892828e-01
9.377243885629215070e-01
9.378788248525236071e-01
9.380337954522554034e-01
9.384300385866068961e-01
9.384539823140953807e-01
9.386643067541085017e-01
9.387472427493146476e-01
9.388495549303562671e-01
9.389655041788466106e-01
9.392161105458374237e-01
9.392237572400037315e-01
9.392289961389076458e-01
9.393924683990078073e-01
9.395826183777263862e-01
9.399370089587467669e-01
9.404605520672877361e-01
9.405242559982804895e-01
9.405730679876933564e-01
9.411680522578859120e-01
9.417625497064654461e-01
9.419663232557804466e-01
9.424056330888974653e-01
9.428291090266394114e-01
9.428821472183617214e-01
9.436423150584464237e-01
9.437226068929445155e-01
9.437276423048993612e-01
9.438661428461845304e-01
9.439909042682103069e-01
9.442492626982417203e-01
9.442553062197630576e-01
9.444249010002616629e-01
9.445942436230125860e-01
9.446948957941266878e-01
9.446974283439565356e-01
9.447984011473307131e-01
9.448653257453227816e-01
9.449143818668984673e-01
9.452028940159442616e-01
9.454691008712861056e-01
9.457245778369703926e-01
9.461237682416163697e-01
9.461346695135327556e-01
9.461885818532775883e-01
9.461938870130242041e-01
9.462034163489222438e-01
9.467594392210980647e-01
9.469472733324939551e-01
9.471705137849463219e-01
9.472256399818632655e-01
9.472849276251734674e-01
9.473630916539215185e-01
9.473787902988832776e-01
9.477626801716008131e-01
9.478255700243848336e-01
9.478692286740744155e-01
9.479079572919384411e-01
9.483852797978578053e-01
9.484306424378463607e-01
9.487495253404099049e-01
9.488687127319178627e-01
9.488781166713433635e-01
9.488975367527388016e-01
9.491105424023120740e-01
9.493285994711586628e-01
9.496214942755089039e-01
9.499139718308268199e-01
9.511896181773472625e-01
9.512277494175424009e-01
9.514759002200791072e-01
9.515613721953009030e-01
9.516084101575843501e-01
9.518756059799403646e-01
9.519865258706441402e-01
9.521363723906351995e-01
9.521455951719478561e-01
9.523213902092362293e-01
9.527119353905487698e-01
9.529523051672629252e-01
9.531469536552984456e-01
9.534711222481879744e-01
9.535620572553907826e-01
9.537755508154360795e-01
9.537979581598499124e-01
9.538709194237836586e-01
9.540653787743303971e-01
9.541244571965452614e-01
9.541836255612312634e-01
9.542949146173476116e-01
9.543416312571197935e-01
9.544029163296050555e-01
9.546806710628388259e-01
9.547532105984259942e-01
9.553711913725617677e-01
9.554740809912759536e-01
9.554873354141469877e-01
9.556938151192173603e-01
9.560955000534924197e-01
9.562391398808213205e-01
9.562412520431675667e-01
9.562665353259131029e-01
9.565132685880280983e-01
9.566846420229904169e-01
9.566992654177289834e-01
9.567225437005403288e-01
9.568877735659438999e-01
9.570437458603869851e-01
9.572174773939328141e-01
9.573056130201266223e-01
9.575441771763195664e-01
9.576320924561322334e-01
9.579205220242285046e-01
9.582007458750451123e-01
9.585016086817971237e-01
9.586362572874576049e-01
9.587242436561648207e-01
9.592375817942391247e-01
9.593016286691045114e-01
9.596620303159986154e-01
9.598632684140367965e-01
9.601148857035398665e-01
9.601180661890346135e-01
9.602142143004041008e-01
9.603183081442258073e-01
9.603978483247845865e-01
9.604247094393500994e-01
9.608000994765967251e-01
9.612282385011551300e-01
9.614460762370132807e-01
9.616571291463158477e-01
9.619533317340791534e-01
9.620107510340318857e-01
9.620194099853458525e-01
9.623787351513285460e-01
9.624273141284335198e-01
9.626477509889036499e-01
9.629115832726279356e-01
9.630251652839894039e-01
9.630255606669300139e-01
9.640242670703296213e-01
9.645269585724915995e-01
9.645337319811360111e-01
9.646278453217533855e-01
9.647008100234666372e-01
9.648160023835585797e-01
9.649504791322867092e-01
9.649852967245859947e-01
9.649855228964611120e-01
9.652911853870508319e-01
9.655746210416322750e-01
9.656682478585616458e-01
9.657283221933452566e-01
9.657551639147125000e-01
9.660839693078345780e-01
9.662094657789057628e-01
9.665067928141181097e-01
9.666774276953691292e-01
9.673813721848052438e-01
9.681320443035390522e-01
9.683331599753861596e-01
9.684514576314638967e-01
9.685204732937894301e-01
9.690050823729416951e-01
9.699677541599113217e-01
9.701485908185754070e-01
9.705470983904526117e-01
9.708536880620093346e-01
9.708621421157506148e-01
9.710881265137243368e-01
9.712124962051488231e-01
9.715768728340750116e-01
9.717369492197639458e-01
9.719166351989718677e-01
9.720092966482365426e-01
9.722698507257819811e-01
9.724487419358766038e-01
9.724591423822690484e-01
9.726471759182421239e-01
9.731447877186270023e-01
9.731527621223280411e-01
9.732791663676768623e-01
9.735494703514460113e-01
9.735808867325483895e-01
9.737799030820687429e-01
9.738010558476284384e-01
9.739785874357342887e-01
9.741579934861314127e-01
9.742794142042527916e-01
9.743927895095007008e-01
9.750769199598502412e-01
9.751546948999649800e-01
9.754194247442535826e-01
9.755678650792832807e-01
9.756028029561760739e-01
9.761384547409278634e-01
9.765320966860795426e-01
9.766413059318045375e-01
9.768943813749045857e-01
9.774169602777633692e-01
9.777400871149785067e-01
9.778646922733054137e-01
9.779075155855408985e-01
9.781799887578543906e-01
9.782163332760849261e-01
9.784494461859044590e-01
9.787497625556398351e-01
9.787995305512546818e-01
9.791476643587176953e-01
9.792446998348990350e-01
9.795480797960411934e-01
9.796192801029965924e-01
9.796515905010854119e-01
9.796555506710168393e-01
9.796792531125924075e-01
9.799950964618265870e-01
9.800173851651590162e-01
9.800808975871443396e-01
9.806557628093424128e-01
9.807661480059987058e-01
9.810802053469157569e-01
9.811259129498495213e-01
9.811883478575105233e-01
9.812836812354611693e-01
9.813414370733539727e-01
9.816106018051486970e-01
9.822899300433762804e-01
9.828434987390158861e-01
9.829627553818506280e-01
9.830815881506789200e-01
9.837860202109398600e-01
9.839247695464714560e-01
9.841367023513859502e-01
9.843247320209946860e-01
9.844534477614499401e-01
9.847944637502077381e-01
9.848756808792299422e-01
9.849378414975841212e-01
9.850456908963944880e-01
9.851128284603430929e-01
9.858973576803198302e-01
9.860432700563561692e-01
9.865437419382983020e-01
9.866640535639616960e-01
9.867124829882844006e-01
9.875213992019675757e-01
9.875949052024015629e-01
9.878321304556733073e-01
9.880690777619077769e-01
9.880746648440125179e-01
9.883611161824726876e-01
9.885271459826177054e-01
9.889218657610422403e-01
9.889265290625228744e-01
9.890350166843112634e-01
9.893119456714631887e-01
9.896589037516767551e-01
9.897023522417102148e-01
9.901984447840268544e-01
9.911446582199771038e-01
9.915062033531319985e-01
9.916158953361330353e-01
9.916898777445366520e-01
9.917111575426732495e-01
9.917154175761112578e-01
9.918155524352308960e-01
9.924848398266397087e-01
9.924971538882768618e-01
9.925587791487712197e-01
9.928837555886480537e-01
9.929121604150221714e-01
9.930429656610201272e-01
9.930778465524011667e-01
9.933507032266180037e-01
9.935904109218158808e-01
9.937987406777651911e-01
9.940052974523598817e-01
9.941082690691857016e-01
9.942081540627092373e-01
9.943237666892219551e-01
9.944604491160924375e-01
9.945351646155358161e-01
9.946595517828838995e-01
9.949366072188585708e-01
9.949713693553681182e-01
9.950342386427032393e-01
9.951190695982726764e-01
9.951332954396784336e-01
9.956821681243130939e-01
9.959956031294243672e-01
9.961052355623764010e-01
9.963447725567515789e-01
9.969241132185340248e-01
9.970197501085782399e-01
9.970953322655866646e-01
9.972927986819740687e-01
9.973989395396656299e-01
9.976633134113999102e-01
9.980023011780542186e-01
9.982808477664205649e-01
9.986345098583149227e-01
9.987653744893683072e-01
9.988480946281328432e-01
9.989982509812037614e-01
9.991386917953685165e-01
9.991885339870544280e-01
9.994952084752437571e-01
9.996595982938523139e-01
