7.124418267761711832e-02
1.719317763312346869e-01
1.820026790049951160e-01
1.884317142850591154e-01
1.914493045487972722e-01
1.951610915016601666e-01
1.962655561255886028e-01
1.992410689141195235e-01
2.136653583643095544e-01
2.354126419209592314e-01
2.361009412766907900e-01
2.419750297248839388e-01
2.432042078453378053e-01
2.439502415604195562e-01
2.509578450336817923e-01
2.666214831509989835e-01
2.676464640507916215e-01
3.106550650788548751e-01
3.195898587481309505e-01
3.201517696892040021e-01
3.252749807692971729e-01
3.608328869075005940e-01
3.658768291239198334e-01
3.668089952055311187e-01
3.811733691292431558e-01
4.039035269802013772e-01
4.072821008151095157e-01
4.132287896475332900e-01
4.228764058952805271e-01
4.367859508111955336e-01
4.603948743361740981e-01
4.624485225845855751e-01
4.626272172957044404e-01
4.643752216729808424e-01
4.648376789698431821e-01
4.659481524300446154e-01
4.664397785260376850e-01
4.668206998513397821e-01
4.709220039766961463e-01
4.863437437823989740e-01
4.985357579646461090e-01
4.995186951097423389e-01
5.007379806526870425e-01
5.064704026165856021e-01
5.090688412841757327e-01
5.103494492729510057e-01
5.106830518866374291e-01
5.121073946767182861e-01
5.127662540708399774e-01
5.131671003322679780e-01
5.139310929984475251e-01
5.144280057640457926e-01
5.148195729554103650e-01
5.162357424484547153e-01
5.170557014068037915e-01
5.171564444471528077e-01
5.176664178816068329e-01
5.178373518691046229e-01
5.186420920676084734e-01
5.188992039080275731e-01
5.201690631284208166e-01
5.214993988853109386e-01
5.216403600755086245e-01
5.223233182435471633e-01
5.240740688049427831e-01
5.245702023107412515e-01
5.251754504042835947e-01
5.261500699623127275e-01
5.265742971828188956e-01
5.300573331961295764e-01
5.336376944940539602e-01
5.495221135413999036e-01
5.535241750682757811e-01
5.574661467802002335e-01
5.585724985072033633e-01
5.586691967846562079e-01
5.595219548317231784e-01
5.605271793842661054e-01
5.611056621142456180e-01
5.614666969158150778e-01
5.619402883403381566e-01
5.631145868668738785e-01
5.632995022062345924e-01
5.636273464871806027e-01
5.639416587486039134e-01
5.650741531942422569e-01
5.654850506501549745e-01
5.659511269954862200e-01
5.665684523169289832e-01
5.670072638996828118e-01
5.671776074207173224e-01
5.674538942252596030e-01
5.677573284362722461e-01
5.677650880445810344e-01
5.681964499871031693e-01
5.683316853876476671e-01
5.686527305891644346e-01
5.691341930334345989e-01
5.693127584047772416e-01
5.695632472144041003e-01
5.703760862243711927e-01
5.708063191681560511e-01
5.710836562643919478e-01
5.711180400033413207e-01
5.721880120875084685e-01
5.722670357992001300e-01
5.726036933282188102e-01
5.728889111146315827e-01
5.730755351580967272e-01
5.733677520550770623e-01
5.741808709007898415e-01
5.743239349397502025e-01
5.755820504939492821e-01
5.766379630296398773e-01
5.766673230719447929e-01
5.845800304902297739e-01
5.869429921239799341e-01
5.996697291225974169e-01
6.013199919902518786e-01
6.025469130038363375e-01
6.040207323248623084e-01
6.041607182829586975e-01
6.044552645888359166e-01
6.045305216435394868e-01
6.051901397710537367e-01
6.058266038462249981e-01
6.060795284910795999e-01
6.061127980707681218e-01
6.067691449615466581e-01
6.098275474602132817e-01
6.098748121279982115e-01
6.101695698727525041e-01
6.102318085776516909e-01
6.108019020552433176e-01
6.109265936772416694e-01
6.111106104501864422e-01
6.112553976017238710e-01
6.125911422084584501e-01
6.130636944088152518e-01
6.131150144760582066e-01
6.131430915704640938e-01
6.132828738217099840e-01
6.134608031782882165e-01
6.135254058106589525e-01
6.138998384004943354e-01
6.139945258608179302e-01
6.149232899522161233e-01
6.152238383541259736e-01
6.157161685057772615e-01
6.162671591958641670e-01
6.171580039276136631e-01
6.173329610359132857e-01
6.174560960352977190e-01
6.176112795327810545e-01
6.182359244410591259e-01
6.193670064900942407e-01
6.200471298768093220e-01
6.201526152891769783e-01
6.206402976665650328e-01
6.222975005519799652e-01
6.224121377132973976e-01
6.233312958087182665e-01
6.242571969033861023e-01
6.244071320957615967e-01
6.263248024321512730e-01
6.285153840798969327e-01
6.290565981418012598e-01
6.292871490951341684e-01
6.314371924786996715e-01
6.337274674932231733e-01
6.367217920703467371e-01
6.496957404884682319e-01
6.523112615221009492e-01
6.524697862108155277e-01
6.636236433693802894e-01
6.638917957171202033e-01
6.641062455688420130e-01
6.658720957605908097e-01
6.663834852322807478e-01
6.681205239875396273e-01
6.687881495952012756e-01
6.697508352051499969e-01
6.704331941744072765e-01
6.713846646804881857e-01
6.715973654626452571e-01
6.719307803678944424e-01
6.726252163240502568e-01
6.734450237138105422e-01
6.793865258627818093e-01
6.806080300857360044e-01
7.027595256251686351e-01
7.032837520835499845e-01
7.131889271568887523e-01
7.152865588853103418e-01
7.158604415187426184e-01
7.183970081347013092e-01
7.195749758465552759e-01
7.221256645583764566e-01
7.248137559460232637e-01
7.546891641586714883e-01
7.570273176279158633e-01
7.641299282255999969e-01
7.679208569079776225e-01
7.822663414786426017e-01
7.991262539779313556e-01
8.099599192634485689e-01
8.102771550685190505e-01
8.273427899736418567e-01
8.290816031735950276e-01
8.459696941757997024e-01
8.718785788375953416e-01
8.750430802531923291e-01
8.775028859495535016e-01
8.819783083669108237e-01
8.911771193925517309e-01
9.111056940280377603e-01
9.413606591052072758e-01
9.686199534635520081e-01
9.690332700552701795e-01
9.744313212249551270e-01
9.798780467872063582e-01
9.811887631768954066e-01
1.005131039390676051e+00
1.022988692182011050e+00
1.023260877489548193e+00
1.027054677549820383e+00
1.037471342169993704e+00
1.063231655378288565e+00
1.066627658209995388e+00
1.066697542150478739e+00
1.068411119297859813e+00
1.089839646924986027e+00
1.099029590080185415e+00
1.141059290096464451e+00
1.148846888360409935e+00
1.180992837186835231e+00
1.184281691917014712e+00
1.193190482879884939e+00
1.199110652390444898e+00
1.201767697067111840e+00
1.201890999455191178e+00
1.205721906807438515e+00
1.209445788951583722e+00
1.214048972463785958e+00
1.221393057714067254e+00
1.242808162754997170e+00
1.249969708174972993e+00
1.256263379770615529e+00
1.258574120355138604e+00
1.277218989034594188e+00
1.288089364200359910e+00
1.289061775830198542e+00
1.301778699554660079e+00
1.321803745728487911e+00
1.326343427525870311e+00
1.345057218022809309e+00
1.350025818739467809e+00
1.364327388404547037e+00
1.367515814985878819e+00
1.376785238162369751e+00
1.388373964357441537e+00
1.396012080886094964e+00
1.402237182777458457e+00
1.414491477571349520e+00
1.421443239105570910e+00
1.428358165738311314e+00
1.459583022827764864e+00
1.462474818427409673e+00
1.463882221671305217e+00
1.474621178185969939e+00
1.480917543556671490e+00
1.496248174714992274e+00
1.525353985782118116e+00
1.548646506404693923e+00
1.549139089063743313e+00
1.560349690418064483e+00
1.598436144327365582e+00
1.620741562197423491e+00
1.628725012694275165e+00
1.633156456673916068e+00
1.641269525483181724e+00
1.650866640916078154e+00
1.654766360692331517e+00
1.657224212229408522e+00
1.677652738642620989e+00
1.677875743320562663e+00
1.698021519975469573e+00
1.723217327607471816e+00
1.798521486529594426e+00
1.836682667803444247e+00
1.844050905954819797e+00
1.853964545664808838e+00
1.863488664716527410e+00
1.877656130473368989e+00
1.886501488693170359e+00
1.899782413929671065e+00
1.907697003692490512e+00
1.942132117857823914e+00
1.944762213422265518e+00
1.947481545930770608e+00
1.951802480134166018e+00
1.957786998573581627e+00
1.971839826715950039e+00
1.973809092062708714e+00
1.974655200407212874e+00
1.982921750016487294e+00
1.995949297336558459e+00
