1.952574578336907507e-02
1.956695018016318954e-02
2.009884971562314604e-02
3.070400822164742749e-02
3.764314418568659448e-02
3.773387272731199005e-02
5.186400835330573500e-02
5.552712897437572792e-02
8.412190174861144953e-02
8.596558319696079309e-02
1.174069491678402244e-01
1.225342823254109703e-01
1.499780935305210505e-01
1.557395626715134540e-01
1.648278168617025585e-01
1.655679470536171038e-01
1.665461759091471095e-01
1.675863434736584168e-01
1.683629995426798587e-01
1.694544596280849191e-01
1.695576139856953546e-01
1.703200318193296425e-01
1.709669338020844975e-01
1.718938373736023095e-01
1.724361172285711064e-01
1.734850428313734483e-01
1.751434052460751900e-01
1.762697002662605428e-01
1.763590797166401103e-01
1.804222652446436648e-01
1.806369248313757225e-01
1.818255941648629914e-01
1.849676354781308873e-01
1.852299843521194589e-01
1.860860088424374226e-01
1.865957685563373047e-01
1.873475636905936881e-01
1.886043851612981825e-01
1.886666066831921285e-01
1.891537211396894236e-01
1.895350825705861553e-01
1.900442673575923891e-01
1.910627563632374404e-01
1.916131504289353416e-01
1.927427184006091920e-01
1.929895207619125586e-01
1.944831218645077797e-01
1.960136010885222824e-01
1.975862902072940130e-01
1.988738186371108441e-01
1.999037176903470936e-01
2.006409702180054211e-01
2.009663923416127318e-01
2.013096933124813859e-01
2.013547288095196564e-01
2.029980603180661092e-01
2.038426235303205658e-01
2.065199053735398138e-01
2.065545062231990414e-01
2.078520660364304717e-01
2.079325469165382856e-01
2.109083396572515312e-01
2.118758150810720053e-01
2.125314560855429136e-01
2.128001443105809187e-01
2.149849965537917740e-01
2.163674870085685598e-01
2.208270284941349360e-01
2.232004583364783912e-01
2.249013571652120902e-01
2.250337377592046550e-01
2.264597730887629723e-01
2.292012912481169451e-01
2.308735848564182902e-01
2.310724776710628703e-01
2.314642705974208070e-01
2.314764595974025951e-01
2.323991797694695549e-01
2.324301756126487817e-01
2.330701149890046509e-01
2.347758868651226294e-01
2.362556017760404359e-01
2.371435267898505117e-01
2.392578509358003203e-01
2.394703895471366195e-01
2.394856978211379328e-01
2.429575582085590213e-01
2.434744605675547291e-01
2.466615181114661937e-01
2.510837027352579298e-01
2.545891216337565766e-01
2.627939942986046162e-01
2.639160949117353994e-01
2.656608941855722605e-01
2.665039209432364942e-01
2.712917275863446775e-01
2.715599945894098255e-01
2.716384641661306887e-01
2.717708517537289481e-01
2.734443667222450358e-01
2.742918546069432750e-01
2.746162019796081211e-01
2.755846673845780970e-01
2.816602408655768386e-01
2.866615355685837585e-01
2.905169848376800701e-01
2.978767365119523447e-01
2.979137631164689992e-01
2.996226264623644830e-01
2.997304626326080523e-01
3.046000974840978870e-01
3.061641041221037085e-01
3.073605510748294023e-01
3.102994124296571954e-01
3.122762994438730288e-01
3.138331134995269167e-01
3.141785416205493675e-01
3.143074726468455538e-01
3.143990651639470002e-01
3.164582873825152465e-01
3.172222141741372070e-01
3.175938777998510432e-01
3.182084085432492770e-01
3.196828441227381745e-01
3.211505291966716413e-01
3.219219120092655650e-01
3.225647852739399468e-01
3.233193629069148756e-01
3.233626567663918649e-01
3.234577100704463248e-01
3.234676576344384102e-01
3.238506028285428329e-01
3.238571079495216054e-01
3.277542802987110093e-01
3.283890066023786858e-01
3.310936716123507040e-01
3.384115259752888960e-01
3.427284384149231755e-01
3.431239654615296786e-01
3.477601429804622057e-01
3.543340467020552609e-01
3.545307197575304770e-01
3.562058816703483899e-01
3.564577036242262409e-01
3.570337148277360484e-01
3.570680356679218903e-01
3.576614740221373268e-01
3.579601613214435929e-01
3.585560491823791551e-01
3.625097786552657908e-01
3.637038381375816698e-01
3.641361969638978735e-01
3.664205201133654555e-01
3.668021307498179340e-01
3.678855872489918966e-01
3.686213966116156371e-01
3.693809593136272440e-01
3.703586438415129578e-01
3.705036094332285757e-01
3.708303464262918681e-01
3.712904004644457245e-01
3.717317937223612034e-01
3.724440341283354883e-01
3.756676757684722645e-01
3.770015961797996695e-01
3.773327279615941166e-01
3.957074486593938900e-01
3.959296630347211021e-01
3.964079339403951963e-01
3.991345687771530315e-01
3.995962775234751518e-01
4.009098880848682711e-01
4.034211277063093348e-01
4.044165741216545484e-01
4.074758979423291905e-01
4.083048410332708045e-01
4.085999892878646733e-01
4.091546761888480432e-01
4.093335717363046911e-01
4.096251798047489956e-01
4.106264697116301932e-01
4.109152760706109575e-01
4.114880997214100944e-01
4.116680935182159828e-01
4.132387924863394346e-01
4.137890723363994994e-01
4.139060231541193957e-01
4.139600917042969286e-01
4.145151963568309839e-01
4.146352827938787344e-01
4.149011146564411945e-01
4.151263997737686395e-01
4.151982686102542175e-01
4.160646313093110393e-01
4.166569438935425751e-01
4.188639283860879914e-01
4.192121550715768308e-01
4.197310898127462053e-01
4.213139812806616646e-01
4.222071637762851992e-01
4.240673985978276050e-01
4.242459659552935136e-01
4.248844599798644595e-01
4.262496129896300445e-01
4.264472989838168360e-01
4.278444158907745987e-01
4.296597852154917518e-01
4.323521930154754500e-01
4.325864305375830554e-01
4.354185543515711743e-01
4.375421476801619747e-01
4.432322672776223271e-01
4.437054018426920265e-01
4.441581980856597056e-01
4.443131759749476828e-01
4.461308242150749948e-01
4.470759276804088245e-01
4.472994276577253459e-01
4.485525987661560521e-01
4.527387680362977562e-01
4.534222310930182687e-01
4.554681804425300129e-01
4.556876912562302095e-01
4.567018744535715769e-01
4.572025831441095534e-01
4.572119147059225952e-01
4.574244164157903469e-01
4.579409753359300339e-01
4.582384620980661794e-01
4.584206345736987487e-01
4.584308510585159979e-01
4.585909845508693294e-01
4.586272503161126224e-01
4.586507474477627966e-01
4.587328221318500709e-01
4.591228701273593060e-01
4.600829070683474242e-01
4.601210166239013688e-01
4.607388636563314321e-01
4.613389982779381171e-01
4.616122047206800971e-01
4.619015894981259862e-01
4.619113358984350270e-01
4.625208474041215823e-01
4.626151586182345454e-01
4.628992265321159039e-01
4.633455520531697402e-01
4.633739010846653628e-01
4.651738834033096737e-01
4.668843589648794534e-01
4.668980531191309069e-01
4.672978790435990959e-01
4.673907864485613572e-01
4.675682463986063908e-01
4.681096495680492353e-01
4.695254721806350062e-01
4.697244362359356273e-01
4.697958191202005196e-01
4.705951885727728268e-01
4.710026152128996557e-01
4.723554313532503102e-01
4.724280996673124733e-01
4.730493927683880884e-01
4.743042494545477439e-01
4.752995248915823367e-01
4.761264902438711033e-01
4.766795436202784231e-01
4.773571582511166866e-01
4.779052354065242980e-01
4.780784652971554749e-01
4.787281634547468911e-01
4.795635888845737327e-01
4.798579849942257169e-01
4.812722013596015813e-01
4.832028121740989945e-01
4.832676220109703991e-01
4.939091952699925514e-01
4.975239807475873022e-01
4.976559515750462737e-01
4.993906355968675825e-01
4.999194964871298552e-01
5.003840382687769761e-01
5.003850686712496554e-01
5.009406594148231306e-01
5.010545440779665682e-01
5.012102644530500584e-01
5.021355601616619424e-01
5.023053679282867279e-01
5.034731002273531431e-01
5.036794168997857923e-01
5.045838064964556224e-01
5.046211384882610673e-01
5.047696392261826759e-01
5.049906901346048471e-01
5.067343969179773921e-01
5.075374621324897362e-01
5.075470355841389392e-01
5.076674522413782142e-01
5.078159938309525501e-01
5.083730153069403457e-01
5.083870545220605663e-01
5.084123597897303171e-01
5.084871459677771099e-01
5.087722162772649881e-01
5.088838875035719411e-01
5.089808736282819268e-01
5.093846058712045988e-01
5.095429509271696134e-01
5.098463915646007649e-01
5.098888818028561865e-01
5.105158592227212466e-01
5.106716576291887577e-01
5.108451067272881119e-01
5.110510735048023889e-01
5.113334109989633447e-01
5.115579255888746957e-01
5.116609651451256013e-01
5.119586847108053007e-01
5.120124558102219225e-01
5.123593329148832254e-01
5.123674735308725303e-01
5.124129882125458835e-01
5.125056465770363445e-01
5.130082437158449693e-01
5.130649712441837096e-01
5.135371190375792594e-01
5.136585527395851614e-01
5.137246116998639422e-01
5.139772618323803499e-01
5.140931008892266618e-01
5.141454503886109251e-01
5.143285705977973521e-01
5.145781688617105942e-01
5.147749513853625558e-01
5.151933889439757053e-01
5.152095106607532671e-01
5.152727354427213413e-01
5.152826384795923254e-01
5.153169067336449416e-01
5.153810828115723552e-01
5.155782589506543445e-01
5.158473234262430651e-01
5.159066961809628538e-01
5.159992066545555645e-01
5.162634182730982957e-01
5.162710169919719760e-01
5.165155844415210140e-01
5.165482465560842229e-01
5.165869248411540937e-01
5.166270693652563750e-01
5.167084818682816660e-01
5.172279428723527417e-01
5.176961052528383789e-01
5.177396684961195206e-01
5.177631589752138552e-01
5.179800211912919394e-01
5.181110733365130727e-01
5.182644825722348969e-01
5.182944620164775529e-01
5.183692254724121540e-01
5.188811532894632705e-01
5.189412629378153952e-01
5.193392541021921716e-01
5.196668736203733374e-01
5.196728143164222047e-01
5.200082866626303257e-01
5.200117866194489125e-01
5.208337681624755078e-01
5.214386817757130643e-01
5.214499385393764896e-01
5.215736531468593284e-01
5.217063423973087311e-01
5.217518306724286958e-01
5.217905512225122777e-01
5.219000281699379684e-01
5.219957223780795630e-01
5.221137857478481692e-01
5.224252244066178719e-01
5.224758946673375704e-01
5.227121837100128232e-01
5.230533016293463788e-01
5.233595244021387316e-01
5.241725770339087376e-01
5.242106156692614150e-01
5.242157320307541113e-01
5.244159617676587004e-01
5.244963906221329353e-01
5.245928523056591075e-01
5.247085189006384098e-01
5.247814102656693791e-01
5.248949335132486738e-01
5.249348134132958421e-01
5.249609080845374365e-01
5.254975797772516444e-01
5.256410780951057404e-01
5.258096427806719930e-01
5.258540418969843699e-01
5.261874824056320676e-01
5.263143132677043923e-01
5.266016097089902814e-01
5.266259386529696940e-01
5.266558827943015331e-01
5.267476955614114331e-01
5.280877815239648498e-01
5.284647314740027468e-01
5.287477436422847177e-01
5.288683788540993191e-01
5.288784737114156087e-01
5.290354752369097469e-01
5.305131554464708188e-01
5.311767722071323305e-01
5.320183909734339522e-01
5.320942753616897392e-01
5.327314513237126903e-01
5.328491059055124879e-01
5.337406160480782091e-01
5.339389059633745660e-01
5.352556130398724576e-01
5.376289032706154103e-01
5.388279437238310265e-01
5.409643893252038538e-01
5.418441603097434722e-01
5.428386609400064344e-01
5.436562503313915329e-01
5.458558987615731439e-01
5.464826113026290955e-01
5.480187967400169669e-01
5.495504968272939550e-01
5.500188447776537259e-01
5.514632109863413234e-01
5.517777530284320164e-01
5.519832036872003300e-01
5.528692827979426738e-01
5.532036585120607697e-01
5.540083641984949736e-01
5.541240011777830432e-01
5.541492027053962488e-01
5.547745348590069625e-01
5.553251785812918229e-01
5.557304792026229734e-01
5.559292041559444897e-01
5.560139362210776426e-01
5.561334755138318542e-01
5.561353137512838885e-01
5.563985027738169720e-01
5.565965352126625021e-01
5.569592043633377898e-01
5.570658398037409142e-01
5.573160182756851100e-01
5.575806984433597790e-01
5.580074644450725430e-01
5.580477214172105960e-01
5.582705360078819012e-01
5.587090842093402898e-01
5.587319262579057977e-01
5.587672882187817436e-01
5.588136771814760095e-01
5.588355723468367842e-01
5.588831526842525932e-01
5.591257028163738596e-01
5.594763815890644310e-01
5.598814297860172928e-01
5.599822400962182201e-01
5.601492369187042186e-01
5.601591713371050218e-01
5.601640586364027286e-01
5.602014439672764468e-01
5.602062048948468487e-01
5.603572662479034960e-01
5.604540911710387263e-01
5.607136497393128138e-01
5.607895700931635474e-01
5.610944821402625848e-01
5.611658766717084745e-01
5.614652606931400669e-01
5.615052386892074310e-01
5.615509255125914478e-01
5.616362957251794796e-01
5.618036149112697331e-01
5.618115866491528720e-01
5.618378664715635296e-01
5.620075577248861975e-01
5.620167476780011384e-01
5.621694685564477822e-01
5.622060715325574165e-01
5.624161704770358483e-01
5.625098169438160767e-01
5.627866001426190534e-01
5.628606575353032326e-01
5.628832689402258893e-01
5.630737815106101607e-01
5.631152912312984427e-01
5.631524006293702200e-01
5.633411968944557202e-01
5.633473915526465703e-01
5.634247151462545844e-01
5.634841850505551974e-01
5.635006682935461697e-01
5.635107078237808764e-01
5.636364571898582199e-01
5.639617881221283824e-01
5.639923207342292244e-01
5.643862629699469835e-01
5.644024640248677116e-01
5.645406524240783597e-01
5.646949913032273116e-01
5.647780916237792326e-01
5.648018588337322399e-01
5.648742143712297548e-01
5.648790390192175437e-01
5.651589676698520748e-01
5.651634090242936281e-01
5.652269307392714381e-01
5.653843015388062554e-01
5.656572489281899152e-01
5.658555236487572415e-01
5.658813993616149673e-01
5.659526650114514723e-01
5.661860002813909887e-01
5.663923751677799601e-01
5.664400240755043114e-01
5.665143531885874495e-01
5.665473536602263493e-01
5.667049981371690137e-01
5.667442716246711143e-01
5.667813883839585287e-01
5.668775417170621722e-01
5.669538753558045485e-01
5.671998266822519952e-01
5.672288722360967483e-01
5.674359484109814389e-01
5.674378949972549435e-01
5.674419069689591311e-01
5.675987553001107244e-01
5.676688768918296546e-01
5.678832984746051693e-01
5.680500404063764108e-01
5.682889469673213512e-01
5.683408117056103492e-01
5.684653226947347093e-01
5.686511258117299406e-01
5.691412258074421970e-01
5.695777456070985068e-01
5.695840271571626090e-01
5.697105364121028970e-01
5.698575289080451967e-01
5.698640685786173776e-01
5.698951745240350419e-01
5.700224504932176472e-01
5.700990600782347428e-01
5.702613784801613406e-01
5.702914754671439823e-01
5.706212106030932318e-01
5.708708369160717666e-01
5.710864379107647437e-01
5.712012166461164497e-01
5.715054634615697182e-01
5.717672676134100129e-01
5.718205775629456866e-01
5.718905479343021625e-01
5.719975457353996262e-01
5.723357943156051064e-01
5.724515135275254352e-01
5.728079469692204384e-01
5.728275033895329216e-01
5.728643600022707005e-01
5.729293679033560238e-01
5.733013241210116462e-01
5.740204019592738405e-01
5.740425650655183176e-01
5.742237597333144095e-01
5.743022318284261019e-01
5.743511265083043327e-01
5.744112544734925052e-01
5.744815400514369230e-01
5.747095608678378653e-01
5.749451047510092394e-01
5.752660464738283963e-01
5.753376966084715605e-01
5.754019029705403909e-01
5.754029873622528157e-01
5.755067344067015256e-01
5.755224846258926164e-01
5.755883245031441220e-01
5.756828628310586282e-01
5.757450686112974836e-01
5.758136142219854037e-01
5.761176954141120632e-01
5.762377832318819060e-01
5.762444409320153227e-01
5.764062303110506491e-01
5.764862321775865439e-01
5.766297299345524152e-01
5.766685373426128081e-01
5.767279512840559619e-01
5.767502982049705906e-01
5.773613304705733640e-01
5.773988283407121003e-01
5.775435615111348397e-01
5.776250382804590799e-01
5.777139327501146226e-01
5.777373930219198428e-01
5.780638165577158816e-01
5.785204931290195418e-01
5.788453976600749229e-01
5.792573423682796374e-01
5.794289542142792016e-01
5.808855878531886674e-01
5.809450186439448771e-01
5.813051496646721716e-01
5.815717692746886769e-01
5.819699546206038576e-01
5.823991556676872960e-01
5.832203997404405982e-01
5.834992872858180135e-01
5.846166194426771767e-01
5.893652567890228511e-01
5.939384713102029423e-01
5.939769251356636914e-01
5.944519547682602933e-01
5.944747605293230208e-01
5.951789558101836519e-01
5.958380872598638689e-01
5.968374595693930473e-01
5.985961808286219821e-01
6.007580756024424318e-01
6.020052286448986933e-01
6.030677655729732578e-01
6.036049985401916729e-01
6.039010443262835537e-01
6.040877989894539724e-01
6.048494949288460987e-01
6.050214759002727760e-01
6.051885185355700969e-01
6.055012504719741173e-01
6.055484233074395206e-01
6.057478749761653347e-01
6.060872597551991703e-01
6.070826693554067788e-01
6.070898046957324823e-01
6.081088818092439396e-01
6.085044303366373697e-01
6.088165793867226228e-01
6.088522497453254800e-01
6.089847479468062375e-01
6.090886265921824361e-01
6.091548917977149813e-01
6.091789665578346558e-01
6.096047800412804918e-01
6.096671895813301489e-01
6.104785073346734592e-01
6.106781327213468558e-01
6.107121852191426115e-01
6.108923851275989136e-01
6.109193168131810125e-01
6.110227854210634746e-01
6.111521580177168289e-01
6.112855797266689706e-01
6.118544943977894945e-01
6.123974509946208400e-01
6.124267719203260185e-01
6.124405683048479432e-01
6.126763601786464619e-01
6.127011437486302725e-01
6.127721665699255027e-01
6.130034056711224366e-01
6.130374571539451978e-01
6.131869077414506819e-01
6.131929295918752132e-01
6.134711050823078438e-01
6.137382699807218955e-01
6.137449377457642186e-01
6.138202061076469818e-01
6.139904537717342237e-01
6.142088216023751102e-01
6.142593759072161319e-01
6.143479785289756023e-01
6.144940835636063525e-01
6.145431191502410684e-01
6.147916055446671635e-01
6.149739123390247642e-01
6.149917000798268418e-01
6.150482210133247918e-01
6.151393510749869620e-01
6.152711087475886131e-01
6.153999267898484504e-01
6.155095448008580661e-01
6.155679083915117644e-01
6.158357614686025272e-01
6.159031942394221915e-01
6.160683335634757896e-01
6.163823361264348932e-01
6.164995170431240012e-01
6.165572026223173907e-01
6.170586925064682760e-01
6.171919850561096155e-01
6.172080137936148958e-01
6.173311498764197935e-01
6.176261494800030505e-01
6.177470606702257783e-01
6.178464212877523565e-01
6.179195754003217189e-01
6.179527974144889413e-01
6.181421189986906484e-01
6.182612910849130117e-01
6.183272022776833410e-01
6.183749009412906616e-01
6.183778430737447707e-01
6.184152454824811684e-01
6.184389489766317638e-01
6.184999013970156057e-01
6.186249812840145523e-01
6.188877611593390782e-01
6.190329145734736471e-01
6.191284506075689364e-01
6.193927230835925002e-01
6.193935929047711397e-01
6.195163064283804033e-01
6.197882797920044595e-01
6.201116947721203587e-01
6.202733011121210893e-01
6.202792429877774794e-01
6.207346844230983152e-01
6.208989218290525969e-01
6.211344108368450634e-01
6.212780453197694897e-01
6.215340306942138682e-01
6.215550164558862889e-01
6.220806913761975920e-01
6.220831545075782287e-01
6.223031786800845566e-01
6.223634635999530929e-01
6.225689353280330351e-01
6.227864177680437763e-01
6.230165309757040859e-01
6.231623851691381333e-01
6.235028005312699406e-01
6.237122143256783602e-01
6.237269826025055863e-01
6.237521767360192371e-01
6.240894652669339848e-01
6.240956570871141196e-01
6.242325539442958870e-01
6.247074086862909326e-01
6.250706035652342507e-01
6.252618268262040147e-01
6.258176552806347104e-01
6.264908643793702936e-01
6.268079664325432176e-01
6.272614127623228342e-01
6.275331130159784720e-01
6.277896284087773893e-01
6.291609562986621995e-01
6.291926476520472988e-01
6.301442674412669476e-01
6.306449086549008598e-01
6.307825110679630143e-01
6.310800968748466744e-01
6.312764716413141741e-01
6.313118080901629625e-01
6.313504189665337663e-01
6.320223418457544540e-01
6.321718889961402965e-01
6.340165955184460245e-01
6.356023500493108713e-01
6.367567417742066027e-01
6.391962122935694879e-01
6.393548208336383709e-01
6.406069875208597608e-01
6.438666570978313075e-01
6.464965200331178607e-01
6.467569069131116066e-01
6.514981773740444737e-01
6.516596298916823571e-01
6.529287314606051496e-01
6.532977616092523476e-01
6.534718942828305899e-01
6.543499116987163688e-01
6.548223313679670810e-01
6.549585144558562888e-01
6.553501886959480771e-01
6.554064885234467397e-01
6.555130142588581066e-01
6.555856639542696485e-01
6.561155803332781034e-01
6.565464705368384557e-01
6.568097274295041643e-01
6.569633434968693564e-01
6.583219028663336303e-01
6.589736939147741168e-01
6.591468624541363397e-01
6.593129467845528779e-01
6.593806782074693729e-01
6.593924432170936711e-01
6.596428586925640047e-01
6.599891498772336718e-01
6.603873994204150222e-01
6.607681759740715588e-01
6.610801622001645228e-01
6.612805614272865284e-01
6.613356003701156283e-01
6.615651723632218761e-01
6.618708019451844393e-01
6.622259597390609542e-01
6.625459369381800911e-01
6.626591644906056899e-01
6.628703280428567268e-01
6.628920979010217707e-01
6.639533228505172247e-01
6.640046455646420043e-01
6.641233318360453275e-01
6.643285515784214113e-01
6.649975881858836146e-01
6.654011840685143397e-01
6.656089962377436109e-01
6.656544637176011747e-01
6.657888975648660335e-01
6.657955075263473077e-01
6.661812577572732152e-01
6.662824101053104187e-01
6.663363733574385606e-01
6.666563907598330729e-01
6.667662250423802561e-01
6.668972720953902922e-01
6.670269676562270433e-01
6.674322285485771999e-01
6.677082553160573752e-01
6.677344269743201721e-01
6.678972227441022369e-01
6.678999207228528689e-01
6.683511656181622129e-01
6.684497265206630345e-01
6.685007379125664784e-01
6.687205785815137915e-01
6.694861137347345448e-01
6.696214895535206324e-01
6.696519885181828613e-01
6.698635030969910531e-01
6.699001382093427992e-01
6.701228705772450667e-01
6.703810588304435214e-01
6.705593003908347782e-01
6.707031436294812465e-01
6.724218742434544538e-01
6.729756920333898051e-01
6.730541301146075739e-01
6.732191664375477558e-01
6.734212792502205502e-01
6.738016840709057931e-01
6.745749250516279716e-01
6.746084231757549787e-01
6.747478579545571620e-01
6.748482502880293055e-01
6.754843773400978080e-01
6.755553181114386518e-01
6.758706860054477517e-01
6.765143232040315979e-01
6.768839143273623904e-01
6.775069991874431707e-01
6.775157998450538344e-01
6.795358447027695092e-01
6.823921689243377386e-01
6.945745204799465000e-01
6.957695431855341894e-01
6.966956173793903417e-01
7.055500733044937078e-01
7.099659809259151189e-01
7.122152676663162651e-01
7.134959912576874785e-01
7.136769197018963951e-01
7.153662845332178222e-01
7.157132816514035767e-01
7.163768721645027426e-01
7.176877500652949493e-01
7.177198924411456460e-01
7.178075293711962956e-01
7.182971955269703557e-01
7.201986978795673622e-01
7.204761519626430299e-01
7.213932605438628798e-01
7.242497049589076141e-01
7.266557639608492991e-01
7.295424693036522967e-01
7.314488610334564100e-01
7.344199526481247631e-01
7.352486870236134564e-01
7.383939694096284256e-01
7.409968107139981441e-01
7.426069452514596492e-01
7.474955813074330990e-01
7.480364219506157042e-01
7.505518125880961122e-01
7.526829049145362660e-01
7.545305860601985160e-01
7.600805383119251246e-01
7.640583536633016593e-01
7.709173434550109505e-01
7.739487633942871980e-01
7.832575921171383015e-01
7.841922424866822894e-01
7.846200573194437311e-01
7.990942017283657606e-01
7.995629116560110106e-01
8.023639494806253936e-01
8.047863791934801725e-01
8.076080146569779572e-01
8.116646822715125609e-01
8.138634807740743327e-01
8.140853178773426180e-01
8.223659448159637009e-01
8.229513865792199567e-01
8.231598020047101727e-01
8.243503860038430275e-01
8.255572662705787934e-01
8.305572639029890070e-01
8.307525793498200528e-01
8.357916290430793538e-01
8.513832395430398492e-01
8.535371862390661590e-01
8.565147777861454870e-01
8.573384759999527205e-01
8.583097817062110835e-01
8.606612168455853862e-01
8.668707192301852160e-01
8.708174683374423353e-01
8.739426120887614502e-01
8.829436816819224987e-01
8.834119496340600008e-01
8.851003014654708068e-01
8.881974507952463682e-01
8.892724313651569901e-01
8.973251946341918028e-01
9.007589915764171451e-01
9.044514472678883976e-01
9.056944539583327014e-01
9.099265867034631583e-01
9.153503151261759285e-01
9.306342880720706034e-01
9.394851659381373565e-01
9.450772437712942065e-01
9.473150033188346697e-01
9.565743507834270076e-01
9.618017878697457945e-01
9.636985713197248060e-01
9.641504937339107073e-01
9.664874355283075147e-01
9.751105400737642981e-01
9.778654876381652761e-01
9.792534206735794555e-01
9.801817043356884085e-01
9.897078738347317994e-01
9.947239132023568686e-01
1.001436701164138299e+00
1.005866256378126877e+00
1.007533633725216760e+00
1.012736247677480605e+00
1.014557267203453961e+00
1.016561759107531770e+00
1.018365356737575667e+00
1.019194441259926975e+00
1.022947045823293877e+00
1.025433374922602781e+00
1.025987225700106364e+00
1.032247652087448841e+00
1.042164670668171311e+00
1.050989708936043598e+00
1.058434314282578725e+00
1.062052877568277154e+00
1.062531719491275339e+00
1.064270011264262905e+00
1.066018043216978128e+00
1.072194768749653804e+00
1.073449475210281889e+00
1.075053961177857786e+00
1.083544042860907552e+00
1.083610214291397256e+00
1.086930618413589400e+00
1.088427405491263045e+00
1.092373972130957327e+00
1.095235377868114313e+00
1.095869186027755404e+00
1.097330076115284214e+00
1.101190729805487933e+00
1.104971283005610871e+00
1.107635402767016330e+00
1.112058729419263869e+00
1.113293710752685683e+00
1.115029072025450319e+00
1.115688090942256849e+00
1.117523120699047467e+00
1.120386147947158406e+00
1.121297961309949187e+00
1.121847428625447840e+00
1.123937447830826386e+00
1.137202175291932349e+00
1.145599662363302684e+00
1.147061962989909034e+00
1.147595331840179256e+00
1.148811898696209255e+00
1.151707103762575457e+00
1.152039359174167998e+00
1.155887033276854936e+00
1.168511048679974351e+00
1.168849770766271945e+00
1.176725767077115847e+00
1.183756025009008894e+00
1.184298725308195799e+00
1.185542092568084627e+00
1.186096874701682680e+00
1.186222882844386817e+00
1.186930374472495942e+00
1.191360189776645484e+00
1.192000510666574087e+00
1.203297063763493213e+00
1.207391462044768105e+00
1.207922670078147576e+00
1.215929061219142682e+00
1.216033708389858248e+00
1.221970327382734922e+00
1.223624518435670439e+00
1.227391977969162440e+00
1.229392655061644746e+00
1.233939821399587800e+00
1.238275855519617608e+00
1.247014886672392464e+00
1.254531689858708887e+00
1.255177725877700823e+00
1.260652606132950382e+00
1.266194598401824578e+00
1.269701957968592865e+00
1.276583306818579899e+00
1.278761013641656064e+00
1.282184636335021111e+00
1.283430940679984644e+00
1.294874293110268582e+00
1.298181541794036775e+00
1.304853934276614780e+00
1.305922288958839772e+00
1.309204289355477613e+00
1.312347149314064154e+00
1.314184517233172755e+00
1.322412292536995437e+00
1.333453887344248301e+00
1.339436668684555798e+00
1.347066514532315296e+00
1.349286830797893799e+00
1.351277900572540602e+00
1.351278742006343236e+00
1.353527455850042749e+00
1.361502620491314985e+00
1.376888251216314529e+00
1.377163683213098011e+00
1.378031429369698913e+00
1.382720448617874354e+00
1.384982319300661402e+00
1.397031358668531453e+00
1.402431754336170400e+00
1.410718010451773807e+00
1.425116274589612431e+00
1.431828048497777672e+00
1.439394492343978982e+00
1.446272750047228328e+00
1.446615374443098290e+00
1.451821815331953758e+00
1.452468239743041067e+00
1.452640033507691442e+00
1.453482717804490676e+00
1.459739864890586603e+00
1.467970872763679324e+00
1.476951250368053081e+00
1.488433442235162829e+00
1.490237465263284378e+00
1.499228536672084999e+00
1.499458795573572090e+00
1.516330505013051777e+00
1.517313082173018302e+00
1.524259316510651274e+00
1.528913132193451929e+00
1.531968747000888698e+00
1.534692432493116598e+00
1.538443387547033581e+00
1.541759838146475659e+00
1.541781736193144070e+00
1.553220406818937249e+00
1.558640552465362816e+00
1.559260323430265771e+00
1.576212294075659770e+00
1.577628488568393550e+00
1.578601436331751984e+00
1.584600246646175492e+00
1.588173691292475098e+00
1.589217091922478176e+00
1.598997984998447919e+00
1.602975073537919570e+00
1.613277074876705797e+00
1.617942807778611325e+00
1.620736008763238090e+00
1.622450288581029909e+00
1.631406531211496258e+00
1.648158492689447030e+00
1.650676058708114624e+00
1.655396002496232200e+00
1.659730880159656863e+00
1.673825231530642554e+00
1.679020574333549121e+00
1.680321759690194483e+00
1.680804352915401978e+00
1.685280600078385760e+00
1.692173396115805417e+00
1.702283504782911905e+00
1.707535242835064082e+00
1.707536172925046003e+00
1.709263550443793633e+00
1.714814698733455600e+00
1.732671563046210395e+00
1.735284742071840469e+00
1.747440102664633343e+00
1.747949734343286821e+00
1.753989594251692097e+00
1.754152740451488057e+00
1.759337558446176786e+00
1.769015053939092752e+00
1.774728365408925868e+00
1.784412074352786703e+00
1.787410166836949088e+00
1.791691196377179551e+00
1.792611446155731869e+00
1.793476879110187383e+00
1.796703887468187766e+00
1.796811359061592839e+00
1.797224665103698271e+00
1.799172787733112955e+00
1.799253898301309107e+00
1.799638383037176936e+00
1.800169771874166713e+00
1.807348900904372613e+00
1.811847256166850162e+00
1.820501023918524197e+00
1.830251204882614502e+00
1.830413036322255493e+00
1.830925608882822075e+00
1.832347458765752890e+00
1.840306984322275241e+00
1.845290373966134823e+00
1.846994967729903792e+00
1.855889776422841919e+00
1.856133313051010703e+00
1.856281564429834718e+00
1.856648718540355958e+00
1.857139032227152597e+00
1.862727963746181103e+00
1.869045328925437843e+00
1.869115584553128429e+00
1.876524580714288959e+00
1.877156776892924483e+00
1.877995096711543965e+00
1.881589762510387231e+00
1.882025800651447867e+00
1.882364687335211784e+00
1.882561496019150127e+00
1.895751851050945902e+00
1.902327504956872417e+00
1.905435730923407789e+00
1.909016714914372415e+00
1.909019551921915081e+00
1.909672438282711937e+00
1.912410462361204821e+00
1.914748814832336166e+00
1.926369849363059217e+00
1.926497684068323224e+00
1.939426257806331932e+00
1.939627721380887238e+00
1.943743602618695832e+00
1.944556310162091961e+00
1.947072613884923697e+00
1.948028371944786841e+00
1.948365132411944645e+00
1.949151460484941367e+00
1.949189918837724633e+00
1.950336421710089141e+00
1.957724075342213155e+00
1.961944305213933148e+00
1.964089935615795923e+00
1.969640865249392192e+00
1.973672793461460628e+00
1.974566661724558969e+00
1.987673199338129137e+00
