3.238970276575224005e+01
3.337831733936403111e+01
3.354296703298764015e+01
3.370769406490585851e+01
3.381867660338578219e+01
3.418297000223979865e+01
3.425158678766056397e+01
3.426778943735159544e+01
3.429278024135250291e+01
3.439664443021796103e+01
3.441732574234301012e+01
3.464624425704573696e+01
3.466560198316582131e+01
3.466936854767896392e+01
3.467467998029757581e+01
3.472825921635801905e+01
3.474706901226991818e+01
3.476315459458301405e+01
3.487535724288892425e+01
3.489542925942493667e+01
3.491572255835506411e+01
3.496834533534264011e+01
3.502662824385229356e+01
3.504627890287144965e+01
3.527189678050108768e+01
3.530859942579682809e+01
3.533264722196127394e+01
3.534771691605769917e+01
3.536207750028042085e+01
3.545665554264660102e+01
3.546879370358051631e+01
3.547777144254331461e+01
3.549467342207680076e+01
3.549551330744905897e+01
3.552719990391607752e+01
3.554121269083044155e+01
3.557172686910422499e+01
3.557689691757662587e+01
3.558007074615502319e+01
3.564492273883965368e+01
3.566720391528927081e+01
3.567729013767287682e+01
3.568277867942511250e+01
3.572043015316596382e+01
3.577973459164434189e+01
3.584734770796666936e+01
3.585927361705499550e+01
3.590664530771774565e+01
3.591101490422799714e+01
3.592185083960451664e+01
3.593716812055652099e+01
3.595010068779496493e+01
3.595776646328173598e+01
3.598055271964359747e+01
3.598773212285088619e+01
3.601857024291442144e+01
3.605331688917111421e+01
3.605607298430099661e+01
3.614048752934147757e+01
3.614586697782566915e+01
3.619692012503939793e+01
3.620268000340942649e+01
3.621296609863865967e+01
3.621633898164405707e+01
3.623428034541316833e+01
3.623438841010997180e+01
3.624409481907947850e+01
3.628553745540894226e+01
3.629840314758289566e+01
3.630125296081840247e+01
3.630171944547335272e+01
3.630998942084220005e+01
3.631663789405307341e+01
3.632776205882735354e+01
3.633896879541019587e+01
3.635685154717205592e+01
3.636193105482443855e+01
3.636744939609037885e+01
3.637549684964377406e+01
3.637647261248211805e+01
3.640970915840391342e+01
3.642211585408814756e+01
3.643880963372019011e+01
3.644500987174676254e+01
3.644995558144530889e+01
3.645412121052785892e+01
3.647774654913641967e+01
3.647847714514573170e+01
3.649980681081770939e+01
3.650555972261038562e+01
3.651302011089686772e+01
3.652359628720972751e+01
3.653750142804526035e+01
3.656121624948278281e+01
3.657238713913007899e+01
3.657914734745476437e+01
3.658013381442283674e+01
3.658329008715174524e+01
3.658543046809079868e+01
3.659871530711992449e+01
3.659930409039645838e+01
3.660906405055816748e+01
3.662394041079670615e+01
3.662540471677563403e+01
3.662833851106496752e+01
3.663059099437033694e+01
3.663813516861854680e+01
3.664288357072946667e+01
3.664831867063999482e+01
3.668516690889138943e+01
3.668816705904087172e+01
3.668865979894845708e+01
3.670784325330362918e+01
3.671798654880397805e+01
3.672361692032845326e+01
3.672558329737185545e+01
3.673521137642489265e+01
3.674797777468590709e+01
3.674867056320634617e+01
3.675283277692414430e+01
3.675725019135580851e+01
3.676105071717787354e+01
3.676863064789458946e+01
3.678188907728248580e+01
3.679044952073697772e+01
3.679624451541643282e+01
3.679685813492459090e+01
3.679698952198099704e+01
3.681431466452734469e+01
3.681836376735260075e+01
3.682560268066875153e+01
3.682977975940907811e+01
3.683214167181732535e+01
3.683395823080552134e+01
3.683735089531529638e+01
3.684963247030885469e+01
3.685356562036632511e+01
3.686389890749661902e+01
3.689620482964171089e+01
3.690054602451071020e+01
3.691861227386171862e+01
3.691898391740599550e+01
3.692139082548958129e+01
3.692452947234463778e+01
3.693579606920942382e+01
3.695129916854739349e+01
3.695454546487223269e+01
3.695481346040177328e+01
3.695821044066998695e+01
3.696889710032804999e+01
3.697579285626953549e+01
3.698150257618613779e+01
3.698755260576935910e+01
3.698935763811309130e+01
3.699295178184993205e+01
3.699622376519221234e+01
3.700046146857938822e+01
3.700899834946530831e+01
3.700909993005206644e+01
3.701593398468735785e+01
3.703378790480066129e+01
3.703964516318099243e+01
3.704770243868340174e+01
3.705705039110294052e+01
3.706032438999223189e+01
3.706121272804287514e+01
3.706948923813140340e+01
3.707236289359396153e+01
3.707600607386628155e+01
3.707972271729467906e+01
3.708449222777520760e+01
3.708815212746495860e+01
3.709036653678891327e+01
3.710370199011362757e+01
3.711639610687733182e+01
3.713135193494015596e+01
3.713341316214513910e+01
3.713869296612331539e+01
3.716166105811781506e+01
3.716632828110201814e+01
3.716951837361244060e+01
3.717855607640889559e+01
3.718008292667559544e+01
3.718458946133339538e+01
3.719061518805308708e+01
3.719626797291805076e+01
3.719738390754765334e+01
3.721144134819469684e+01
3.721171121879442012e+01
3.721755912561778956e+01
3.722113501220643172e+01
3.722502464018479174e+01
3.724259916647209678e+01
3.724485290087322653e+01
3.724674501555482919e+01
3.724794813110314351e+01
3.725301474273274493e+01
3.726137469747157382e+01
3.726236811808250593e+01
3.727488726679234077e+01
3.727682478234166297e+01
3.728817657137717845e+01
3.728902668059693326e+01
3.729000745479254419e+01
3.729477158856600738e+01
3.731302511905845165e+01
3.731550254443696701e+01
3.733720964832650679e+01
3.734444118502121768e+01
3.736413906792419937e+01
3.737133285027763208e+01
3.737183882500811904e+01
3.738372769881998892e+01
3.739966732614512779e+01
3.740407400522732928e+01
3.740477495870073454e+01
3.740929651946352408e+01
3.741243502817233946e+01
3.741376659012007622e+01
3.742162241308652426e+01
3.742251817197496422e+01
3.742488329809850001e+01
3.742556052196619731e+01
3.743273834215370499e+01
3.743660550075583870e+01
3.744857360256013123e+01
3.745906839171496472e+01
3.746655846306189375e+01
3.746779236263808599e+01
3.747007120667765179e+01
3.747119658335832781e+01
3.747857454906110064e+01
3.747877155657864279e+01
3.748124452155470010e+01
3.748808947042858364e+01
3.749575206901272395e+01
3.749892034707966815e+01
3.749989622507748521e+01
3.750428649737461484e+01
3.750853227461067974e+01
3.751308971674770021e+01
3.752695033685181869e+01
3.753382616588901044e+01
3.753999738157265398e+01
3.755466881280980829e+01
3.758450103825153121e+01
3.758683408181144614e+01
3.759010706896610543e+01
3.759196506441922736e+01
3.759737458784863406e+01
3.760984201934311244e+01
3.761308177805264563e+01
3.762344535830404624e+01
3.762680189670312814e+01
3.763927997775873280e+01
3.764320264790377024e+01
3.764400686608296098e+01
3.764885155892646651e+01
3.765609960498950670e+01
3.766191887905957003e+01
3.766819106346770241e+01
3.767509254240756889e+01
3.768002925298500827e+01
3.769068708406057056e+01
3.769920985551112125e+01
3.770734296084078352e+01
3.771217113326629544e+01
3.771306483664126574e+01
3.771425975930046093e+01
3.772055327523800372e+01
3.772655194154480540e+01
3.772971666059005003e+01
3.773694412153180622e+01
3.773711605845967654e+01
3.773868228111213341e+01
3.774025120266436062e+01
3.775835493944602206e+01
3.775858455075913866e+01
3.776009699081915727e+01
3.776398791589286930e+01
3.777073529206221991e+01
3.777636986364026939e+01
3.777693565611318860e+01
3.778212240551616929e+01
3.778947073175369553e+01
3.780211819198295586e+01
3.780456659957601318e+01
3.780558280236363800e+01
3.780769133170040419e+01
3.782058799674042859e+01
3.782138157950668500e+01
3.782804049269061863e+01
3.782847566933411088e+01
3.783164317997604797e+01
3.783380531033991900e+01
3.783507563016274844e+01
3.783839180082442510e+01
3.783916390578828270e+01
3.784150770405038600e+01
3.784416299258542438e+01
3.785422466934218022e+01
3.785706755844398685e+01
3.786822423750321320e+01
3.786970829876093347e+01
3.787696407022271217e+01
3.788297431620312494e+01
3.788400695257605832e+01
3.789174594648233807e+01
3.790076949723014366e+01
3.790895282063389260e+01
3.791369352965133288e+01
3.791731198612693987e+01
3.792000360917330681e+01
3.792036185262949743e+01
3.792734896508348186e+01
3.792976769754262989e+01
3.793227331563217319e+01
3.793413444750491692e+01
3.793826252044746639e+01
3.794112961449477694e+01
3.794205854255754673e+01
3.795223915634159084e+01
3.796004716794400480e+01
3.796673603292425270e+01
3.796692938619548130e+01
3.796704600989975376e+01
3.796936116217408852e+01
3.797126025608852018e+01
3.797163467500182321e+01
3.797415517015066655e+01
3.797476386753611877e+01
3.799331735087943684e+01
3.800014511618427093e+01
3.800219263990307184e+01
3.800373070910467277e+01
3.800391049314958281e+01
3.800667052610510410e+01
3.801309725905585424e+01
3.802255542306257041e+01
3.802357982152071969e+01
3.802717146016696148e+01
3.802750350641524335e+01
3.802807144615331225e+01
3.802887370074434159e+01
3.803144180157066501e+01
3.803380518801411370e+01
3.803477191756093845e+01
3.804448177915045193e+01
3.804493237723839627e+01
3.805066126031981355e+01
3.805537227829657354e+01
3.805995576798367352e+01
3.807443231968515818e+01
3.807535867133328367e+01
3.807702095248373553e+01
3.808201838865530675e+01
3.808266814100931441e+01
3.808370707546706768e+01
3.808909262172396382e+01
3.809341079679676056e+01
3.809771813621754433e+01
3.809817704032232655e+01
3.809881221326521228e+01
3.810143978279408117e+01
3.810303249665513903e+01
3.810313916919818666e+01
3.810483905413902050e+01
3.810509187733201486e+01
3.810569832608675966e+01
3.810776351594681444e+01
3.811216498028302624e+01
3.811305044438790901e+01
3.811548066637197252e+01
3.811571340162648625e+01
3.811600805855095331e+01
3.811971170656161689e+01
3.812601279971582358e+01
3.813079353440754460e+01
3.813169873363590057e+01
3.813227875616177442e+01
3.814339362498132147e+01
3.814381878087286992e+01
3.814862996996585309e+01
3.816022559466550490e+01
3.816625214616324513e+01
3.817201535847902250e+01
3.817265044869879631e+01
3.817343502628271068e+01
3.817451962636354779e+01
3.817568042340379719e+01
3.817767507234654545e+01
3.817991685249636191e+01
3.819352494699047185e+01
3.820352139832669280e+01
3.821336634602003812e+01
3.821766619988274272e+01
3.823155944781331783e+01
3.823180823566432451e+01
3.823438549872768277e+01
3.823488219905635788e+01
3.823686807525533027e+01
3.823717204524300683e+01
3.824228432690425450e+01
3.824347424835096376e+01
3.824386898692709025e+01
3.824576315259604797e+01
3.824895242177676380e+01
3.825226766551503488e+01
3.826717426639997655e+01
3.827000181191461081e+01
3.827300184904804325e+01
3.827508583936383957e+01
3.828063652745666445e+01
3.828481141943515809e+01
3.828497295467607131e+01
3.829075061827880688e+01
3.829724139611634115e+01
3.829765027085201723e+01
3.829827962641379457e+01
3.830657588962391458e+01
3.830796365208799159e+01
3.831182891699435800e+01
3.831345770716524157e+01
3.831473417921816349e+01
3.831880633886784437e+01
3.833222842317648826e+01
3.833813424771479816e+01
3.834247075836545804e+01
3.834357013036948558e+01
3.834669303365591730e+01
3.834711688349794656e+01
3.834890017757895464e+01
3.835424887797197613e+01
3.835579492836701831e+01
3.835747601117306971e+01
3.836345386491797882e+01
3.836723687044693065e+01
3.837077667860575048e+01
3.837222126800442368e+01
3.837563299137081430e+01
3.837636575009554463e+01
3.837650831444919675e+01
3.837686581524319251e+01
3.837696078978035530e+01
3.838366765055558716e+01
3.838562975922969400e+01
3.838815231800604977e+01
3.839327826259936671e+01
3.839368079024720259e+01
3.839970497384696557e+01
3.839995869420924635e+01
3.840083572702643266e+01
3.840294571108654509e+01
3.840428275559909821e+01
3.840709053722439137e+01
3.841194741342233243e+01
3.841297652193891565e+01
3.841423905849034526e+01
3.842182592025469035e+01
3.842322204867615199e+01
3.842787492946798267e+01
3.843127355509919596e+01
3.843270157221449779e+01
3.843702172304549691e+01
3.844437729658258718e+01
3.844446774764472252e+01
3.845254144240234950e+01
3.845347561478023124e+01
3.845683386414448535e+01
3.845998850335207209e+01
3.846083871228724149e+01
3.846605111461760629e+01
3.847905994656440498e+01
3.848194912670865619e+01
3.848269019137798352e+01
3.848278238575160515e+01
3.849317965057467461e+01
3.850319472095115003e+01
3.850440185580194452e+01
3.850645595838365409e+01
3.850813591572070038e+01
3.850831054639674278e+01
3.850964561954289422e+01
3.851062638097069879e+01
3.851099072823986802e+01
3.851103949866036658e+01
3.851446959730373010e+01
3.851649969840909193e+01
3.852048824102798363e+01
3.852645364969446007e+01
3.852657760203032922e+01
3.852873103978983238e+01
3.852970741613837902e+01
3.853052907196869370e+01
3.854426366106297053e+01
3.854718970559173385e+01
3.855394199173044001e+01
3.855655504103908982e+01
3.855787741857771778e+01
3.855964009213649746e+01
3.856124287168669440e+01
3.856405368569441805e+01
3.856737202106133111e+01
3.856770526518872799e+01
3.856883924798167129e+01
3.857122053460344802e+01
3.857206921369537866e+01
3.857297122657426058e+01
3.857596418946289418e+01
3.858107582597461516e+01
3.858487321901289135e+01
3.859101211368889750e+01
3.860032943949815376e+01
3.860291967272127067e+01
3.860377640277373956e+01
3.860676289885206813e+01
3.860681746464209851e+01
3.860851030312859677e+01
3.861155270129280126e+01
3.861217200893833734e+01
3.861721622025235945e+01
3.862656395722500235e+01
3.862700972156366674e+01
3.863146131139745165e+01
3.863179131395403942e+01
3.863385311912337272e+01
3.863496759712221262e+01
3.863666424963019352e+01
3.864009938745719808e+01
3.864071508325714888e+01
3.864449899529353871e+01
3.864523268429887537e+01
3.864686400040000080e+01
3.865839296041653483e+01
3.866157735784250349e+01
3.866304415106348813e+01
3.867567682067644341e+01
3.867968867227114771e+01
3.868333383313146356e+01
3.868870973080807119e+01
3.869328370775862425e+01
3.869330404742846241e+01
3.869914508667449127e+01
3.870804151216985645e+01
3.870895293904929702e+01
3.871643603381799892e+01
3.871829975615382580e+01
3.871890808046988042e+01
3.872070632556399516e+01
3.872117792746679754e+01
3.872120300072037224e+01
3.873000558735463983e+01
3.873158247598685477e+01
3.873440120938812470e+01
3.873573459128896701e+01
3.873619638521073227e+01
3.873902784354145012e+01
3.874719583089766672e+01
3.874729341063583377e+01
3.875142205658257666e+01
3.875171172401838504e+01
3.875861618769055639e+01
3.875972921166775365e+01
3.876212796150792883e+01
3.876657351000839924e+01
3.877647612846443792e+01
3.877805749967161830e+01
3.877867251347108635e+01
3.878820510003077970e+01
3.879014992366171555e+01
3.880112570547414919e+01
3.880627185648877031e+01
3.880727544464367895e+01
3.881089178765711978e+01
3.881216508995998282e+01
3.881729453810646646e+01
3.881783466149141049e+01
3.882228789627021825e+01
3.882336682323581556e+01
3.882598910434860784e+01
3.882880871297034275e+01
3.883550744159703072e+01
3.883906075003104519e+01
3.884384867117756812e+01
3.884637623726504785e+01
3.884739812092969657e+01
3.884773001765152856e+01
3.884886845078922590e+01
3.885200301044324789e+01
3.886011087921735196e+01
3.886189875224521018e+01
3.886193957117510678e+01
3.886408115852625400e+01
3.887201822669017304e+01
3.887563401877154945e+01
3.888042907559673722e+01
3.888231938985461511e+01
3.888375835447169493e+01
3.888446937839219686e+01
3.889038971066538863e+01
3.889395502582384267e+01
3.890000899142329871e+01
3.890207894341298100e+01
3.890260013964924468e+01
3.890352056186018359e+01
3.890423057057390821e+01
3.890764710136554072e+01
3.891710128960469461e+01
3.892021076183620210e+01
3.892131363694133483e+01
3.892142484454186047e+01
3.892202921078924760e+01
3.892882315315632269e+01
3.892893945860152627e+01
3.893029864010256347e+01
3.893422953672389042e+01
3.893504538815772520e+01
3.893962095709643023e+01
3.894409032330732856e+01
3.894557281516767233e+01
3.894801125705087230e+01
3.895620126929144078e+01
3.896142744015632786e+01
3.896164317184336312e+01
3.896550982995591283e+01
3.896602102209466523e+01
3.896727572054491873e+01
3.896994627679090684e+01
3.897091111897703541e+01
3.897164246463255211e+01
3.897627654610980130e+01
3.897755278602270579e+01
3.898155410248566710e+01
3.898415794022811554e+01
3.898624820242654465e+01
3.899055431826332807e+01
3.899057808937334357e+01
3.899390122379723067e+01
3.899829698288283453e+01
3.899850540234548646e+01
3.900781258225894277e+01
3.901938621861077650e+01
3.902285100456332145e+01
3.902527694589753082e+01
3.902720084120728927e+01
3.903760899760119685e+01
3.904377977408766753e+01
3.904433899696188348e+01
3.904598014634478886e+01
3.904672165162492803e+01
3.904688659130960815e+01
3.904740268664475167e+01
3.904990874085113717e+01
3.905084704097468773e+01
3.905113859197931703e+01
3.905320051440835272e+01
3.905603762024339431e+01
3.906047212857547635e+01
3.906466733814683323e+01
3.906624164536365384e+01
3.906846896376694644e+01
3.907111553534708293e+01
3.907474212546066639e+01
3.907539761804165579e+01
3.907654718967107499e+01
3.908019665067776316e+01
3.908632232069334123e+01
3.908698849589210056e+01
3.908793086129735883e+01
3.908836551478362509e+01
3.909074850179837313e+01
3.909484755618572649e+01
3.909554610679380460e+01
3.909858293527194917e+01
3.910078921018148890e+01
3.910114228789416302e+01
3.910127472404632698e+01
3.910292447676995664e+01
3.910535215877212778e+01
3.910763563920581021e+01
3.911092476181808308e+01
3.911105878219551357e+01
3.911149567417087525e+01
3.911780069658357917e+01
3.912595749906397913e+01
3.913176575394764001e+01
3.913378810382677386e+01
3.913828293400880654e+01
3.913905820779147859e+01
3.914247888548926113e+01
3.914487535786134487e+01
3.914798956124098339e+01
3.915132845320921007e+01
3.915184678690145148e+01
3.915512311966490699e+01
3.915602202832242540e+01
3.915913803231931922e+01
3.915924937822752838e+01
3.916072920485329689e+01
3.916106411011367783e+01
3.916675397634713818e+01
3.916833954229876724e+01
3.916901239662173850e+01
3.917405373521765455e+01
3.917873657745305138e+01
3.918000723569072363e+01
3.918264670202392352e+01
3.918386113943364535e+01
3.918587720317683676e+01
3.919335456639905857e+01
3.919420174387853706e+01
3.919628570834764503e+01
3.919841883650477143e+01
3.920129658367419978e+01
3.921350805567438869e+01
3.921994215200157896e+01
3.922512841650286930e+01
3.922531618267008469e+01
3.923240362533096004e+01
3.923506487486377381e+01
3.923822322309867872e+01
3.924175234330930095e+01
3.924293329887743198e+01
3.925107922206019850e+01
3.925131132274530898e+01
3.925492426077935448e+01
3.925792702536739398e+01
3.926009667761975663e+01
3.926111589553507741e+01
3.926691922227279719e+01
3.927536733110680700e+01
3.927779681468796724e+01
3.927989638352232760e+01
3.928019097560783734e+01
3.928695479576926886e+01
3.929210625693362857e+01
3.929224158293894220e+01
3.930003802468839069e+01
3.930066635416180532e+01
3.930404802057319102e+01
3.930434823894075436e+01
3.931405360529560511e+01
3.931455880353116328e+01
3.931624679869570116e+01
3.931723476866080347e+01
3.931786424925310541e+01
3.931962985880070249e+01
3.932808933861566913e+01
3.932815848284761273e+01
3.932948081786806682e+01
3.933090381428119997e+01
3.933410419657591461e+01
3.933690659570803660e+01
3.933703806288163207e+01
3.933997555141139202e+01
3.934247778573221410e+01
3.934332856926242528e+01
3.934367999588556586e+01
3.934390300097784632e+01
3.934430341525479946e+01
3.935501547155931945e+01
3.936474142481637983e+01
3.936859139381398620e+01
3.937076806993258060e+01
3.937186574354477386e+01
3.937915016450686068e+01
3.938064350966435256e+01
3.938643293000382783e+01
3.938685653967402800e+01
3.938824231969697109e+01
3.938835542088231989e+01
3.938988879400616838e+01
3.939320295494662361e+01
3.939539335802881226e+01
3.940398783436393160e+01
3.940978441513450292e+01
3.941024310918380991e+01
3.941111982921884049e+01
3.941236288368192930e+01
3.941282728399455948e+01
3.941576258116543130e+01
3.941759420007800685e+01
3.941969036846643348e+01
3.942225648764415524e+01
3.942244077848339145e+01
3.942557300797410136e+01
3.943443252685814571e+01
3.943541622889109988e+01
3.944032553195530966e+01
3.944182875877530137e+01
3.944584721731827415e+01
3.944796842228144840e+01
3.946234197781361530e+01
3.947151796982595329e+01
3.947153910583185876e+01
3.947321603675906942e+01
3.947650384142183810e+01
3.947739125605500732e+01
3.948130319015152878e+01
3.948451440778645605e+01
3.948750989334941153e+01
3.948898849431532909e+01
3.949504435788880130e+01
3.949831901269294576e+01
3.949946917103444832e+01
3.950431361529811625e+01
3.951466450584610612e+01
3.951615764837753630e+01
3.951839721539204220e+01
3.952036014597533153e+01
3.952052876663760372e+01
3.952655350635574649e+01
3.952695682181979464e+01
3.952821652681578257e+01
3.953059882639431777e+01
3.953098595702268625e+01
3.953144241308525864e+01
3.953272300948185602e+01
3.953812795397006852e+01
3.953864583056649451e+01
3.954062774018676407e+01
3.954318753035926903e+01
3.954774772052471832e+01
3.954872786549888986e+01
3.954999578486537359e+01
3.955078473317298915e+01
3.955201735645184158e+01
3.955659022079596099e+01
3.955810612670526893e+01
3.955863742797306060e+01
3.955869082405323667e+01
3.956246560710393112e+01
3.956326584349967845e+01
3.956509643739709503e+01
3.956529037853331232e+01
3.956871859569646688e+01
3.957393066171982099e+01
3.957454145015198321e+01
3.957857088248670863e+01
3.958380747470660310e+01
3.958383546598786751e+01
3.958474080429657249e+01
3.958598317064566174e+01
3.959207306632968226e+01
3.960020309689959106e+01
3.960582354971590746e+01
3.961344092437456510e+01
3.961371577958227164e+01
3.961382884764636003e+01
3.962124237082916522e+01
3.963118365931531173e+01
3.963135210457154756e+01
3.963287142248470474e+01
3.963711113531944363e+01
3.963931873072843359e+01
3.964204916658514577e+01
3.964248576885916009e+01
3.964405277386416770e+01
3.964518420411241806e+01
3.964992312872127656e+01
3.967209524050272051e+01
3.967479742347448735e+01
3.967712075374512892e+01
3.968135797022132749e+01
3.968434793414250095e+01
3.969100925272340419e+01
3.969122279748549431e+01
3.969259081601602901e+01
3.969397141888076419e+01
3.969622285550296681e+01
3.969798518674146237e+01
3.970008349693049610e+01
3.971344538327395668e+01
3.971749787549439503e+01
3.972180496517448489e+01
3.972277780581266882e+01
3.972388959268898390e+01
3.972518943346722153e+01
3.972892674723708240e+01
3.973760072130004772e+01
3.973960793239375278e+01
3.974812279944670479e+01
3.974854209309451392e+01
3.975092893765539515e+01
3.975947750952328619e+01
3.976160233190059046e+01
3.976524040467639054e+01
3.976771534930478680e+01
3.977585893669270689e+01
3.978107716728776211e+01
3.978522689654846545e+01
3.978577099162769315e+01
3.979042172112444575e+01
3.979455673251236902e+01
3.979817695709357395e+01
3.980033700478153236e+01
3.980114783597090877e+01
3.981722888346349265e+01
3.982639439752482957e+01
3.983299884249159106e+01
3.983525819468901119e+01
3.983883104058985936e+01
3.984750799259946064e+01
3.985687799785888785e+01
3.986057448355611399e+01
3.986369802795275064e+01
3.986727588147403623e+01
3.987965065816335652e+01
3.988173284974781296e+01
3.989164882302101489e+01
3.989382174185256957e+01
3.989692882923203143e+01
3.989721474305238758e+01
3.989744680341930660e+01
3.989788823015463493e+01
3.990027750298754228e+01
3.990392623315413800e+01
3.990561484073289478e+01
3.990659952084049422e+01
3.991054821702614674e+01
3.991279922394846835e+01
3.991530962288634754e+01
3.991682872414521199e+01
3.992534552659229519e+01
3.992548978577238472e+01
3.993323901427071831e+01
3.993784239597960095e+01
3.994016867761280309e+01
3.994118404262093946e+01
3.994266296695481344e+01
3.996078568556234956e+01
3.997041057099403361e+01
3.997511658252395961e+01
3.998709184073179301e+01
3.999071389252249276e+01
3.999774204512210929e+01
4.000125817357268687e+01
4.000131408967337876e+01
4.000832310614186582e+01
4.001170341282171705e+01
4.001621933375395912e+01
4.002326174337865439e+01
4.002890955169995379e+01
4.003420155315787099e+01
4.005494629355152369e+01
4.005909021221552990e+01
4.006515943787091771e+01
4.006599703045272065e+01
4.006611060676804925e+01
4.007155624031938856e+01
4.007384399540027431e+01
4.007878409230204397e+01
4.008066541547326977e+01
4.008459181906462021e+01
4.009509651457248935e+01
4.009660175641606372e+01
4.009986836841743241e+01
4.010684841365044662e+01
4.010706845827694167e+01
4.011768776641635981e+01
4.011821428937663825e+01
4.013281260099221726e+01
4.013290140175629972e+01
4.014912713353806595e+01
4.015020138921771320e+01
4.015109618273229586e+01
4.015579101163325504e+01
4.016516188957330513e+01
4.017289298934742447e+01
4.017331254322263590e+01
4.017398482422170503e+01
4.017464761432952258e+01
4.017484020431963643e+01
4.018163219568849343e+01
4.018790555210323134e+01
4.019229315954582660e+01
4.020143789554130365e+01
4.020224851992610127e+01
4.020317350478221385e+01
4.021025083600483896e+01
4.023033870913023691e+01
4.023063010939969075e+01
4.023487534032174295e+01
4.024150575385122153e+01
4.024376221302853907e+01
4.026206624446748350e+01
4.026804927635346587e+01
4.027039180650120187e+01
4.027515059831000599e+01
4.028446035936856617e+01
4.028473277667048791e+01
4.029336652007723529e+01
4.029513249754401016e+01
4.031535074465966773e+01
4.031877607464309676e+01
4.034839230838282731e+01
4.035858975716934083e+01
4.036072203666181224e+01
4.036139241554121782e+01
4.039249292761139287e+01
4.039766900146818784e+01
4.039999999999697877e+01
4.039999999999697877e+01
4.039999999999697877e+01
4.039999999999697877e+01
4.039999999999697877e+01
4.039999999999697877e+01
4.039999999999697877e+01
4.039999999999697877e+01
4.039999999999697877e+01
4.039999999999697877e+01
4.039999999999697877e+01
4.039999999999697877e+01
4.039999999999697877e+01
4.039999999999697877e+01
4.039999999999697877e+01
4.039999999999697877e+01
4.039999999999697877e+01
4.039999999999697877e+01
4.039999999999697877e+01
4.039999999999697877e+01
4.039999999999697877e+01
4.039999999999697877e+01
4.039999999999697877e+01
