3.181403637478226187e-01
3.590138150854418342e-01
4.190527676159945258e-01
5.085860157417982919e-01
5.186082447671651607e-01
5.296914701361856714e-01
5.310907789431951187e-01
5.620320452062657068e-01
5.661540283738020207e-01
5.694939485972554394e-01
6.183232407696834798e-01
6.295911121154631473e-01
1.043732093867942190e+00
1.135221442821787718e+00
1.341709089270182176e+00
1.855424649960390582e+00
3.408767153095141111e+00
4.085002227747079218e+00
4.273211805698622356e+00
5.275136520077978730e+00
5.412056413898937990e+00
6.480511656815863830e+00
6.633941153493516651e+00
7.143462148647131471e+00
7.375701484065885438e+00
7.519102399151165628e+00
7.968741213364864961e+00
8.766782191452861639e+00
8.767139128575372808e+00
9.269992354944804447e+00
1.001139619745188725e+01
1.030469877011486801e+01
1.059001956006206058e+01
1.075849345120067824e+01
1.111037165103861213e+01
1.133464779646679688e+01
1.155858940073930796e+01
1.168770729773777362e+01
1.188900898770236481e+01
1.202756437785636479e+01
1.376843261740845037e+01
1.388950359540754675e+01
1.582018047500393720e+01
1.618834952408315075e+01
1.627637488857354242e+01
1.635064830389223545e+01
1.637176554126159544e+01
1.748512328470282995e+01
1.756383495788781346e+01
1.764581165274242380e+01
1.789343390705583658e+01
1.801790102357492174e+01
1.807847263141324845e+01
1.831806078363270274e+01
1.853908635281067063e+01
1.895171364158150595e+01
1.964907753017284620e+01
2.027044165804713316e+01
2.100193521591739909e+01
2.207074078737882417e+01
2.273908867536729872e+01
2.301717676712865313e+01
2.315277567905429379e+01
2.368658982773561661e+01
2.472828235300940491e+01
2.492706615634644152e+01
2.498620383817231172e+01
2.520258382713669221e+01
2.520561576020085681e+01
2.581754178620822415e+01
2.593293103142465839e+01
2.601534044089433451e+01
2.606935667946248714e+01
2.655427016857077049e+01
2.704338755730229593e+01
2.766918265346826900e+01
2.794532801353869900e+01
2.813588930608614902e+01
2.895180734218116925e+01
2.898858871007177385e+01
2.912234058019427607e+01
2.952167537870026592e+01
2.967767351595742298e+01
3.037046367196251140e+01
3.037787499839956951e+01
3.168199354827030234e+01
3.185083205148347929e+01
3.203253103695271875e+01
3.219469412684382803e+01
3.337327412991608355e+01
3.339232037788403318e+01
3.357791088048048778e+01
3.395279128227720378e+01
3.401650771578059107e+01
3.403050600441235929e+01
3.432225910969518168e+01
3.498025999680794484e+01
3.514535151630271059e+01
3.592439260004644552e+01
3.714173385415463713e+01
3.753012365851436982e+01
3.758916406165906920e+01
3.794929933855982540e+01
3.839102630801161808e+01
3.848896150008932437e+01
4.023427101837692277e+01
4.033942224635609364e+01
4.047355039650418007e+01
4.054661856042448420e+01
4.133314514887099023e+01
4.139454442920630584e+01
4.144883989098771337e+01
4.170711350226615366e+01
4.207375333573766341e+01
4.211001420313206722e+01
4.239876267296257595e+01
4.290772416216510976e+01
4.308949085023628811e+01
4.567395159057889487e+01
4.609099669684320588e+01
4.698018125459987715e+01
4.718718996406158084e+01
4.729327791466941733e+01
4.854755284896828016e+01
4.959785451795109168e+01
5.123211500604936219e+01
5.173001597230570781e+01
5.231774624479703562e+01
5.279175043153276192e+01
5.287379736952396314e+01
5.334668528881394423e+01
5.389860511669218113e+01
5.546353837399013997e+01
5.552203754777221434e+01
5.586811343247094896e+01
5.598664889186042615e+01
5.653094775967244345e+01
5.655508115517460510e+01
5.766344172114899891e+01
5.788179277797320310e+01
5.796845390254937058e+01
5.957776837784689405e+01
5.959764470249876211e+01
6.036870038276079953e+01
6.051834428871102034e+01
6.096088097691416863e+01
6.158848176852170297e+01
6.177164308945754101e+01
6.235304104602012387e+01
6.360981982949546421e+01
6.400300342941901022e+01
6.450480129310403754e+01
6.548525006637021306e+01
6.638796031897004468e+01
6.763489386011795546e+01
6.905518832059462397e+01
6.914776817794700037e+01
6.981791432933447084e+01
6.991594315795757097e+01
7.062284925600029339e+01
7.101097246884194192e+01
7.170788247519374181e+01
7.180335084948939084e+01
7.300004717130349263e+01
7.342511323225650699e+01
7.427659055716746650e+01
7.445390089798330280e+01
7.514138131783978736e+01
7.536707296881048990e+01
7.805950954111195017e+01
7.826885104493878487e+01
7.873649371373245742e+01
7.929766843456197023e+01
8.071557525432993430e+01
8.288272375800220004e+01
8.376366250482247722e+01
8.590255987456143316e+01
8.602620726020018083e+01
8.723443394353357405e+01
8.789273551817731800e+01
8.884934125951603789e+01
9.187356596485957994e+01
9.203121062292157717e+01
9.333132678544392036e+01
9.398384142366487026e+01
9.695932053520775185e+01
9.847018984852611823e+01
9.959534216595349676e+01
1.002907489090430175e+02
1.003787580435991345e+02
1.017172587741139722e+02
1.059990457869523652e+02
1.116923141280375802e+02
1.129892362320430124e+02
1.149288545359272007e+02
1.150509124592114176e+02
1.154519280752123223e+02
1.159047312708203776e+02
1.169942441613993651e+02
1.173249890874503194e+02
1.196545687458266940e+02
1.211265052156325197e+02
1.236359826470327903e+02
1.237290691008296619e+02
1.243322779353020593e+02
1.252863643787786003e+02
1.266445388979698663e+02
1.381076652084671252e+02
1.404152959039063262e+02
1.413855284389831581e+02
1.414793399540480436e+02
1.451158454560400060e+02
1.466261938985684310e+02
1.471781052953915037e+02
1.489601848256279766e+02
1.501393175483125333e+02
1.514346952917262570e+02
1.555181873357072391e+02
1.591246156020169451e+02
1.600959211525000683e+02
1.625496463073306188e+02
1.644898317265876244e+02
1.653052271936123248e+02
1.667753245531212940e+02
1.668722653921258825e+02
1.832448741026799723e+02
