2.832842499185844076e+01
2.845117005498129359e+01
2.902336811474986433e+01
2.962684718374463344e+01
2.963400156289517895e+01
2.980845617110067991e+01
3.022439054568667416e+01
3.029328641260141808e+01
3.033467936706397694e+01
3.034597588948674485e+01
3.040347009047987470e+01
3.053354650508889634e+01
3.061706429591814782e+01
3.077888156716404566e+01
3.081763260830175000e+01
3.103919961077439282e+01
3.110605600226350020e+01
3.113855272145691089e+01
3.126953564617233994e+01
3.130122198692562208e+01
3.146612627849779642e+01
3.163016586019609733e+01
3.178400551839794730e+01
3.178719635132988586e+01
3.181540099632957208e+01
3.184190388170298291e+01
3.186911090990649242e+01
3.187755583275890103e+01
3.187786797438906916e+01
3.190319551776582330e+01
3.190568569520128150e+01
3.198176945445013786e+01
3.201714480920146144e+01
3.204255690349101826e+01
3.208793499494136370e+01
3.224752202078675367e+01
3.227369007162126024e+01
3.227814871538686958e+01
3.229409205832513408e+01
3.233132441894986897e+01
3.240211928655947560e+01
3.240900487054342705e+01
3.243252458453332565e+01
3.243955470516611683e+01
3.249659199474115212e+01
3.252811532812654605e+01
3.254293130702721015e+01
3.256404236768590010e+01
3.263152607886882350e+01
3.274766181483333582e+01
3.276499835015243178e+01
3.276637183991713442e+01
3.282929265835043964e+01
3.285055356052676245e+01
3.286104702296245250e+01
3.286125733082032241e+01
3.286991510320213905e+01
3.290372654868357216e+01
3.291158564519344765e+01
3.293221595976653049e+01
3.294923860716217234e+01
3.300902637321758704e+01
3.300919305667816417e+01
3.302999988584695501e+01
3.304400960052076641e+01
3.309412884093945451e+01
3.309513478274510589e+01
3.313413388685055594e+01
3.316594088921083028e+01
3.317526005539473744e+01
3.318253903492134071e+01
3.319001291701500378e+01
3.319137152692345438e+01
3.321020868640267310e+01
3.321610535725173463e+01
3.322686924411816989e+01
3.323589477325847952e+01
3.325499567717147187e+01
3.325733645439492392e+01
3.326374453577309254e+01
3.327208807910126609e+01
3.327744579752403808e+01
3.329510085099620653e+01
3.331416171527304471e+01
3.332402878834054860e+01
3.333390515579541358e+01
3.338079062795196705e+01
3.338807147450303603e+01
3.339835558779081737e+01
3.339923324400287186e+01
3.342999942585831263e+01
3.345061383435842117e+01
3.345147528128096326e+01
3.350583743825296068e+01
3.352685367623875834e+01
3.355295003663859177e+01
3.362088015712042477e+01
3.362487150804838620e+01
3.363464410376928981e+01
3.367186839253829334e+01
3.371293523913693235e+01
3.371315476722271853e+01
3.372504074523813955e+01
3.373679668769090512e+01
3.373715980488175603e+01
3.375088811827218649e+01
3.375172706000348199e+01
3.375432248353573783e+01
3.377216195277295441e+01
3.378952085537676453e+01
3.379950495719302239e+01
3.381215145426902779e+01
3.387711953284722455e+01
3.388965864968116648e+01
3.392779250614776743e+01
3.397590669176672407e+01
3.398484966366071092e+01
3.399206276487598899e+01
3.401490875526982194e+01
3.401604122046997247e+01
3.402098970590428451e+01
3.402158421999841664e+01
3.402562632719265423e+01
3.403641636394791448e+01
3.404283124990140408e+01
3.407840137727462348e+01
3.408191181783472246e+01
3.408789818972631736e+01
3.409473126704246226e+01
3.412952584242187015e+01
3.413273639490068234e+01
3.413939215124149484e+01
3.414884621402157450e+01
3.415204867605835659e+01
3.416741196398048430e+01
3.417369462498216848e+01
3.417415591946042497e+01
3.423432652131541687e+01
3.426396118646301403e+01
3.426729581623758492e+01
3.429146232313461695e+01
3.430924868622879842e+01
3.431494406638002204e+01
3.437296133725022429e+01
3.438600458144709648e+01
3.439143146876148904e+01
3.439721131325239156e+01
3.440356633900886152e+01
3.441337748540840380e+01
3.441555599077762650e+01
3.441577438105000653e+01
3.441858058420130817e+01
3.443636311806066885e+01
3.443934731333948918e+01
3.443990136463521878e+01
3.445408016675017393e+01
3.445600074529242107e+01
3.449761471332696772e+01
3.449806388361993470e+01
3.449810089103878141e+01
3.449857024620528989e+01
3.450085681771219726e+01
3.450214864255681846e+01
3.450469374822289126e+01
3.453297996387027524e+01
3.454150031741487226e+01
3.455177554028622922e+01
3.455936659312513370e+01
3.457683187053090990e+01
3.458726380285852997e+01
3.460041168872614037e+01
3.460651000258606302e+01
3.460773424388390396e+01
3.461517903872313440e+01
3.461742032018739934e+01
3.461846072176857803e+01
3.462099696291166850e+01
3.462834511533867499e+01
3.463913973629924214e+01
3.463918505295875150e+01
3.464388091671495573e+01
3.466977594221229708e+01
3.466990927307723780e+01
3.468177074195283893e+01
3.468177895094950003e+01
3.468468060043845469e+01
3.468556051747024327e+01
3.468814553930616285e+01
3.469288972983336805e+01
3.470143163309319334e+01
3.470149499149245287e+01
3.470344818362352157e+01
3.470374655803023956e+01
3.470984663215752164e+01
3.471061343950505318e+01
3.471245468057437478e+01
3.471380403928313996e+01
3.471492450847692623e+01
3.472980726347294933e+01
3.475082445027516087e+01
3.475755991032093561e+01
3.476821478183536840e+01
3.478374972574912505e+01
3.481640870354525674e+01
3.481673107749609386e+01
3.482196697789400730e+01
3.482245720730607275e+01
3.482582410637127879e+01
3.484053158961499008e+01
3.484252931783202456e+01
3.486366968307984848e+01
3.487375858874734291e+01
3.487427404043024382e+01
3.487473642333787893e+01
3.487872326961687719e+01
3.488243913602079971e+01
3.489294792753311469e+01
3.489372293689596205e+01
3.489986663918249121e+01
3.490924844455791032e+01
3.491748208817635657e+01
3.492264514190062386e+01
3.492508899287822999e+01
3.494047409226799772e+01
3.494354743466445967e+01
3.494715289835711758e+01
3.495081746297443459e+01
3.496340772115656392e+01
3.497568447911358192e+01
3.497806342371694655e+01
3.498003227787452118e+01
3.500197932431500902e+01
3.501006874869214158e+01
3.501060187640628385e+01
3.501954597762332355e+01
3.502083205849159953e+01
3.503885370884600547e+01
3.503995554208241714e+01
3.504232080184911524e+01
3.505312360475836186e+01
3.505312480002085351e+01
3.505468158583060045e+01
3.505946054786276989e+01
3.506245496293021091e+01
3.506469578138709409e+01
3.507398476998893955e+01
3.507539817674449267e+01
3.507800699764102603e+01
3.508541771922806163e+01
3.509199334109687385e+01
3.509271750630504982e+01
3.509460113256228908e+01
3.509480175546224956e+01
3.509630662957188463e+01
3.509641721834607608e+01
3.510003938463121642e+01
3.510429373540047493e+01
3.510484694101499770e+01
3.511284863271971801e+01
3.511550580570791880e+01
3.513444935825484805e+01
3.513708046753149006e+01
3.516771972343821773e+01
3.516877712593775840e+01
3.517174022372387299e+01
3.517725626816596218e+01
3.517903399384533714e+01
3.520687982271108751e+01
3.520776603895166801e+01
3.522258519383679243e+01
3.522482185213997496e+01
3.522827518985084083e+01
3.522976234004676144e+01
3.523977174821295932e+01
3.524041966882395371e+01
3.524157483318244033e+01
3.524167368876940998e+01
3.524756695933166384e+01
3.524787140194496260e+01
3.525190636800220290e+01
3.525863045333111501e+01
3.526390226224968671e+01
3.527173939783323675e+01
3.527217178611663684e+01
3.527487552285780481e+01
3.527572517942356711e+01
3.527859357110331473e+01
3.528399765852107350e+01
3.529552715777783334e+01
3.529994363621161568e+01
3.530013049045781770e+01
3.530909138612425835e+01
3.530963718668404283e+01
3.531073844177294774e+01
3.531264529156091925e+01
3.531534918534656242e+01
3.531830647543254997e+01
3.532197305276996957e+01
3.532964360405284054e+01
3.533319155472685935e+01
3.534033119027672853e+01
3.534736989082814773e+01
3.535071082784941154e+01
3.536245388201838580e+01
3.536492009566518391e+01
3.536692449694370310e+01
3.536857563581701669e+01
3.537592720859975515e+01
3.538748039083453989e+01
3.539115003923691205e+01
3.539884895245814533e+01
3.539963741963249788e+01
3.540213238153832265e+01
3.540251689022953485e+01
3.540871329828225811e+01
3.541071119301669512e+01
3.543634713494329702e+01
3.544576796714096645e+01
3.544781955960721831e+01
3.545031615444352724e+01
3.545052946216568301e+01
3.546490668280845426e+01
3.547050597652055615e+01
3.547949811115714880e+01
3.548470491921615633e+01
3.548951075793290499e+01
3.549708224119635958e+01
3.550248409072348466e+01
3.551346738173650408e+01
3.552712304848817837e+01
3.553622299895507552e+01
3.553636251885937725e+01
3.554234276490624467e+01
3.554876657050822075e+01
3.554920037246994724e+01
3.555540479242084473e+01
3.555942886364636024e+01
3.556291219933782344e+01
3.556530383980403798e+01
3.556846809724496694e+01
3.558070801173948894e+01
3.558377777693361566e+01
3.558659846940127380e+01
3.558869234051576314e+01
3.558939577452438385e+01
3.559582135333291575e+01
3.560353825637525915e+01
3.560481453462419665e+01
3.560749986787534027e+01
3.561224283279241121e+01
3.561232178581611407e+01
3.561264842683600307e+01
3.561457421082678110e+01
3.562476766646003057e+01
3.563013842951029631e+01
3.563137867926818103e+01
3.563604469822987397e+01
3.563606990396135643e+01
3.563856827542117856e+01
3.564132875485064744e+01
3.564474688938712887e+01
3.564813944170484916e+01
3.566369977290643334e+01
3.569233649422162813e+01
3.571047781912194807e+01
3.571526474696086950e+01
3.572519325956280056e+01
3.572771763727659788e+01
3.573286676705384934e+01
3.573522279784059208e+01
3.573905376285882340e+01
3.574755427166385857e+01
3.576702403883354009e+01
3.577080524351497814e+01
3.577088647507166286e+01
3.577641571675616916e+01
3.578256296697838934e+01
3.578257632766297291e+01
3.578449296433014837e+01
3.578664872255642138e+01
3.578825428390486252e+01
3.578858144752759074e+01
3.579725167127092789e+01
3.580542900825159336e+01
3.580794033936335552e+01
3.580970488247010763e+01
3.581017856247918019e+01
3.581710659199709568e+01
3.582725999207852396e+01
3.583229001081417664e+01
3.583440573641966864e+01
3.583567918358183135e+01
3.583881877508142821e+01
3.584041411179211423e+01
3.584049694164006894e+01
3.584265965230963502e+01
3.585300600923905279e+01
3.585957967732308305e+01
3.586099046687002811e+01
3.587264268456907246e+01
3.587431302666011845e+01
3.588200673220585912e+01
3.588240929317511529e+01
3.589027151234576962e+01
3.589295602680915920e+01
3.590252748043804587e+01
3.590435800640752717e+01
3.591391822983324289e+01
3.592219395175332863e+01
3.593606724592362411e+01
3.593869704840292201e+01
3.595121620394800033e+01
3.595359033048286790e+01
3.595639738413651543e+01
3.595864230042327847e+01
3.595891225090269216e+01
3.596780251913986604e+01
3.596973727947924715e+01
3.597495662379320436e+01
3.597659197339425674e+01
3.599265271611276518e+01
3.599681592559731769e+01
3.599813989633699407e+01
3.600435610618666971e+01
3.600774665727176682e+01
3.602300211524521245e+01
3.604293490521812515e+01
3.604800718196693055e+01
3.604862236428574818e+01
3.604980600392761403e+01
3.605037826351215102e+01
3.605252898095152148e+01
3.609329651568290132e+01
3.609696855721813336e+01
3.610459665705793242e+01
3.610766284801851356e+01
3.611367045726075276e+01
3.611935030941117475e+01
3.611944318412130173e+01
3.612360623375177937e+01
3.612468397077422821e+01
3.612825383843268412e+01
3.613083479602964587e+01
3.613544897539523504e+01
3.613833305845854227e+01
3.614404728474092821e+01
3.614574297073609443e+01
3.615481318616800621e+01
3.616709605564310692e+01
3.617035898323965171e+01
3.618128027701634153e+01
3.618758541863375910e+01
3.619117333758135402e+01
3.619417962113610088e+01
3.620312256859678257e+01
3.620486537009576722e+01
3.620808455366493916e+01
3.621018311094719877e+01
3.621135277116409412e+01
3.621662721184859635e+01
3.621965114408035191e+01
3.621975862380849520e+01
3.622266797670145877e+01
3.622747787956931376e+01
3.623583386984987698e+01
3.624323804153380024e+01
3.625229174558567991e+01
3.625235998684915018e+01
3.625564887422237348e+01
3.625979693253528779e+01
3.626797579134360205e+01
3.626884724332374788e+01
3.627648821095589682e+01
3.628165048799357351e+01
3.628740300890340365e+01
3.628853961420851704e+01
3.629475694884750681e+01
3.629856236940456427e+01
3.630779714156989257e+01
3.630908195632321167e+01
3.631271567886748386e+01
3.631475293224864487e+01
3.631883990247972349e+01
3.631899876726114229e+01
3.632036170431874211e+01
3.632282556674343965e+01
3.632382119201525938e+01
3.632685399819695959e+01
3.633325145068208428e+01
3.633420437520983626e+01
3.633898002560040652e+01
3.634134568852677205e+01
3.635462031119988069e+01
3.635848981990375250e+01
3.636375876356460424e+01
3.636402301021451677e+01
3.637735223176726151e+01
3.638992352672315889e+01
3.639250266736596018e+01
3.639266691451361169e+01
3.639331103276305868e+01
3.639489064732659074e+01
3.639708898652222757e+01
3.640053398193710166e+01
3.640477231413667880e+01
3.640697290577882228e+01
3.640949259200667854e+01
3.641110414559302200e+01
3.641933456204758812e+01
3.643398562596959778e+01
3.643404411257159836e+01
3.643649313561020620e+01
3.644475209890097034e+01
3.645698118186035686e+01
3.645875607203051061e+01
3.646051020987520275e+01
3.646261587966341011e+01
3.646909627647232810e+01
3.646927157458115687e+01
3.646958716954368640e+01
3.647955148518518342e+01
3.648029736413230495e+01
3.648093387005003763e+01
3.648343107698273968e+01
3.648821154693975899e+01
3.649058282696501010e+01
3.649115108820075903e+01
3.649166987908635917e+01
3.649268367755320952e+01
3.650077221049547660e+01
3.650716130637261614e+01
3.650828705340039448e+01
3.651167354499219186e+01
3.651278661568652950e+01
3.652336765234449700e+01
3.653188540765351178e+01
3.653409817659623826e+01
3.653684973894156229e+01
3.654244798166512709e+01
3.654248433502539228e+01
3.654809920646623311e+01
3.654978705811420525e+01
3.655171727762171230e+01
3.656994716686581626e+01
3.657065692855589845e+01
3.657476719414846400e+01
3.658125045437098066e+01
3.658482072239097960e+01
3.658978816767800879e+01
3.659973445633338685e+01
3.660533747772239366e+01
3.661441075978841297e+01
3.661554523959242857e+01
3.661888051552288914e+01
3.661954514818293660e+01
3.662154135952522438e+01
3.662220438781419318e+01
3.662351134262529229e+01
3.663005587390951234e+01
3.663608303136397382e+01
3.664066267762376583e+01
3.664162188214148586e+01
3.664587556392967116e+01
3.664860242154894365e+01
3.665185034907183592e+01
3.665933720828492426e+01
3.666661025460842183e+01
3.667013191114475745e+01
3.667218615818894989e+01
3.667625954272013189e+01
3.668317171652162756e+01
3.668703313955335688e+01
3.669003104686054684e+01
3.669132572084543398e+01
3.669892606778927302e+01
3.670178240658581359e+01
3.670545405113242765e+01
3.671237965958019345e+01
3.671518837286701142e+01
3.672019147874445366e+01
3.672872747539793892e+01
3.673477827129347162e+01
3.674021399842079916e+01
3.675037050050447363e+01
3.675175780772120504e+01
3.675243135513635195e+01
3.675457854709814853e+01
3.675492187371055763e+01
3.675701451850755319e+01
3.675862045464629091e+01
3.678117744313190940e+01
3.678840178913405623e+01
3.679006382506161543e+01
3.680180023910371290e+01
3.681080461639948709e+01
3.682051298132007844e+01
3.682272660223186023e+01
3.682885156999552834e+01
3.683893234300472130e+01
3.683958330527892144e+01
3.684211449053036347e+01
3.686062207118537515e+01
3.687381599183972725e+01
3.687546899113941379e+01
3.688337079355592607e+01
3.688812695718790025e+01
3.688888733362247052e+01
3.689025704925107618e+01
3.689590088772783361e+01
3.689838248814290012e+01
3.690722488097068066e+01
3.692211601836130797e+01
3.692344425230190552e+01
3.692363322454282581e+01
3.692505664312866998e+01
3.692969789059475971e+01
3.692972920395352787e+01
3.693624697008060309e+01
3.693629215410285127e+01
3.694148516406273330e+01
3.694456873075874626e+01
3.694727297299304780e+01
3.695699340742605443e+01
3.695807084743548643e+01
3.696461342366555414e+01
3.697097973953191996e+01
3.697161994602544866e+01
3.697288795649903648e+01
3.697608125960790915e+01
3.697704231699832889e+01
3.698556332912996680e+01
3.699267225631890454e+01
3.699475921637246500e+01
3.699935041772113209e+01
3.700017656895850138e+01
3.700154748761609369e+01
3.700460256151054494e+01
3.700936466875945996e+01
3.701276930043555780e+01
3.702685783275243381e+01
3.703368910310966555e+01
3.703515940234705539e+01
3.703531118904090391e+01
3.703586147620787017e+01
3.703728875645721530e+01
3.703957185996116408e+01
3.704420719397409556e+01
3.705798362877340679e+01
3.705801862146982018e+01
3.707280310258819611e+01
3.709075481508157424e+01
3.709632843546205550e+01
3.709847575382221407e+01
3.710087189547054720e+01
3.710141411251812116e+01
3.710789477780553369e+01
3.710890519057049630e+01
3.711846439182513535e+01
3.713323392042648408e+01
3.713812677070082202e+01
3.714550800431528899e+01
3.714609527521722754e+01
3.714859461428611098e+01
3.714946758470022559e+01
3.715033961009488905e+01
3.715581213265225813e+01
3.715942991531433393e+01
3.716037060915391521e+01
3.716356987823535007e+01
3.716494953919365685e+01
3.718412415821159556e+01
3.719512807784927588e+01
3.719993759787578824e+01
3.720650391302338988e+01
3.720758052187914444e+01
3.721102071898005903e+01
3.721229093412340916e+01
3.723613119572708285e+01
3.724138239187428923e+01
3.724239838564082561e+01
3.724266445534819070e+01
3.724329376452211449e+01
3.725824160775052718e+01
3.725920640032566666e+01
3.726332550817740952e+01
3.726408717611165855e+01
3.726590376689511430e+01
3.726803488138839526e+01
3.726814106018084516e+01
3.726874188793919984e+01
3.727123990838052237e+01
3.727172641187933522e+01
3.729053386532506664e+01
3.729203294896622367e+01
3.729625054313789434e+01
3.730375245100422887e+01
3.730604715428393092e+01
3.730645382192152226e+01
3.730959806856276373e+01
3.731179328947764873e+01
3.731260044135028409e+01
3.731942236656907852e+01
3.732215988063607170e+01
3.732484807345382194e+01
3.732965055494723572e+01
3.733163648178573624e+01
3.733743467109220404e+01
3.733757102556203478e+01
3.734105732776426834e+01
3.734540097439214890e+01
3.734703229369423383e+01
3.734853462335508567e+01
3.735227325302130907e+01
3.735242228443080137e+01
3.735364348850257699e+01
3.736491299834297308e+01
3.736556451400323198e+01
3.736887666120567530e+01
3.737032715007610761e+01
3.737215491698357539e+01
3.738408748899642120e+01
3.738775737618672679e+01
3.739540369009342413e+01
3.739639057221720009e+01
3.739923166634024199e+01
3.742058996070240084e+01
3.742229183776042589e+01
3.742404336164075573e+01
3.742423664244250148e+01
3.742582171388002621e+01
3.742667736025435232e+01
3.742700551585318891e+01
3.742788545675905709e+01
3.743104815934373164e+01
3.743117236942504178e+01
3.743402075645725091e+01
3.743767899618289619e+01
3.744412329210658186e+01
3.744454691583324291e+01
3.744825817335507168e+01
3.745048296656833742e+01
3.745840937389473169e+01
3.746216952134408729e+01
3.746308599641896819e+01
3.746829630856261417e+01
3.747210271894505951e+01
3.747296183077993703e+01
3.747332069902444829e+01
3.749253958334223569e+01
3.749282342071761320e+01
3.750164378322993741e+01
3.750609080398321993e+01
3.751706412377103561e+01
3.752233684637667466e+01
3.752489359493456789e+01
3.752796408967400055e+01
3.753370906982710409e+01
3.753492776500331729e+01
3.753586810349447944e+01
3.753604450747529597e+01
3.753765533095532447e+01
3.753899687282788733e+01
3.753927318808369762e+01
3.754783070335906103e+01
3.755572215074707998e+01
3.755695923281214021e+01
3.755768224243117004e+01
3.756945468466387439e+01
3.757427997943072739e+01
3.757524931135284874e+01
3.758229448116124161e+01
3.759956504093290874e+01
3.760099809654651182e+01
3.761002759621611347e+01
3.761114875833742133e+01
3.761649207384587612e+01
3.761654120231807497e+01
3.761938061406705458e+01
3.761998112303417230e+01
3.762421650034562504e+01
3.763288820606540952e+01
3.763332766380854366e+01
3.763482273042628634e+01
3.765178923257489174e+01
3.766192105732113049e+01
3.766268482551914332e+01
3.766648720710756493e+01
3.767135974092776252e+01
3.767157317920304394e+01
3.767176014247964133e+01
3.768972142155912053e+01
3.769318731892339969e+01
3.769726295516687031e+01
3.770184247392983679e+01
3.770537127249595244e+01
3.771132530212317135e+01
3.772021694136971348e+01
3.772237003027382940e+01
3.772645715138968114e+01
3.775422413398403876e+01
3.776409114118813193e+01
3.776846547346924865e+01
3.777027257087718226e+01
3.777563947308685499e+01
3.777956630460055720e+01
3.778505298980549298e+01
3.778898550729913808e+01
3.781001785764097178e+01
3.782827846386861381e+01
3.784701550298446193e+01
3.785752646595314275e+01
3.786974055066509948e+01
3.787779147353166564e+01
3.788027685485421614e+01
3.788274758070251380e+01
3.788383573389515391e+01
3.788902910205615626e+01
3.789298957875685403e+01
3.789380800240112990e+01
3.789737628298230732e+01
3.789848898595103321e+01
3.790158726688839863e+01
3.790649039345978366e+01
3.790817386736787853e+01
3.791072427220622387e+01
3.791262539223249206e+01
3.791511891346376473e+01
3.791885456078863115e+01
3.794025487039223776e+01
3.794121587167013843e+01
3.796429430306822184e+01
3.797583277788568523e+01
3.797739945460907762e+01
3.798029597738876362e+01
3.799262285753119528e+01
3.799372170920376846e+01
3.799584914059590091e+01
3.800580289264443934e+01
3.800677009958899077e+01
3.801292277538642850e+01
3.801746095109245971e+01
3.802697687313934694e+01
3.802873694661478510e+01
3.803054221199408147e+01
3.803655967188016973e+01
3.804070665145876262e+01
3.805285598183064621e+01
3.806280302854954556e+01
3.806669782091813659e+01
3.808703705664008510e+01
3.809822772558642612e+01
3.809832719404533208e+01
3.812764820082159645e+01
3.813248456552817345e+01
3.813448435672733439e+01
3.813475403974259592e+01
3.813760590285488661e+01
3.814050456502646114e+01
3.814215547300848641e+01
3.815141782892514755e+01
3.815241184563917898e+01
3.815285867243530049e+01
3.815444264281963171e+01
3.817031876616567132e+01
3.818225535881113331e+01
3.818549606154920895e+01
3.819540160035619181e+01
3.820008108943842728e+01
3.820878837659977023e+01
3.821511702825129930e+01
3.824375315515150220e+01
3.825613589653407587e+01
3.825638757643918808e+01
3.826708314883679662e+01
3.826844853398088020e+01
3.827677718491462144e+01
3.827722333643190922e+01
3.827862063042554297e+01
3.828159769434516591e+01
3.828290951890042493e+01
3.828449319338198364e+01
3.829490445507413199e+01
3.832579363408433437e+01
3.832712961132464358e+01
3.833671781399921485e+01
3.834391942232683448e+01
3.834898317725513550e+01
3.837618151909574493e+01
3.838352098626808129e+01
3.840329650410038909e+01
3.840939795930001566e+01
3.841182910196509681e+01
3.841912967877480867e+01
3.842199313019314388e+01
3.843119943446443187e+01
3.843524047844113767e+01
3.843562516609664215e+01
3.844374688400006335e+01
3.844670706764378565e+01
3.844950668039271591e+01
3.846384811698739270e+01
3.847001462432737640e+01
3.847515637421287948e+01
3.847599089931306082e+01
3.848184034428690836e+01
3.848345151278341802e+01
3.850728238334379938e+01
3.850774061210860566e+01
3.850845928231640158e+01
3.850909511274774388e+01
3.851061000268760637e+01
3.851532136074659718e+01
3.852117082773739298e+01
3.852376735669858476e+01
3.853029666313911150e+01
3.853531280534433279e+01
3.854067853980146907e+01
3.854484387566579073e+01
3.858745488389298828e+01
3.858821287164614944e+01
3.859126250252135293e+01
3.859643700054559190e+01
3.861105627364226933e+01
3.861586265505339099e+01
3.862232589488022683e+01
3.863356063066420631e+01
3.864184756439458113e+01
3.864560279317059610e+01
3.865997913024033039e+01
3.866264844669623102e+01
3.866741651622636056e+01
3.868495965439434769e+01
3.869474345500344725e+01
3.870118258971942282e+01
3.870643672753850240e+01
3.873332084175449097e+01
3.873613986114843044e+01
3.873797601809263114e+01
3.873802941578917114e+01
3.874950465107768593e+01
3.875093205299440058e+01
3.875311872670458513e+01
3.875647200475942356e+01
3.876337106911133645e+01
3.876474586673037948e+01
3.880762329354556073e+01
3.880800220129248146e+01
3.882070593233773081e+01
3.883165902170300399e+01
3.885272777931176336e+01
3.888582829877032054e+01
3.889253100999991375e+01
3.890177526653293683e+01
3.890993866476119933e+01
3.891120499678388001e+01
3.891573294819635009e+01
3.891581948611379715e+01
3.892317444669939164e+01
3.892341515257430018e+01
3.893127584450824230e+01
3.894100301454923851e+01
3.894990590415100939e+01
3.896054826641903190e+01
3.896982379335525337e+01
3.897152481617629149e+01
3.898191926828779685e+01
3.898375149902716430e+01
3.898960473650071634e+01
3.899074086496610647e+01
3.901118351918118776e+01
3.901534101523868969e+01
3.902847824073975858e+01
3.902999002464635225e+01
3.905152616606926586e+01
3.905328017976007970e+01
3.907378312199817572e+01
3.910306409097524494e+01
3.911020706838402106e+01
3.913583408818092835e+01
3.914648082740199442e+01
3.917738129536333247e+01
3.921171498375098707e+01
3.923623259158512155e+01
3.923652278247415381e+01
3.925895130312567005e+01
3.926365653189564853e+01
3.926367613043024107e+01
3.926827054857518817e+01
3.928586445314821418e+01
3.929738337184773656e+01
3.930269961944517831e+01
3.931032633298207202e+01
3.931791235850148780e+01
3.935519347702955173e+01
3.935634652520508325e+01
3.936574306024326830e+01
3.937378666317344766e+01
3.940328234707043009e+01
3.941915504159795347e+01
3.942452004309832603e+01
3.946594061415325427e+01
3.948349233220687893e+01
3.949589673887464158e+01
3.950427718841653046e+01
3.954728796016759418e+01
3.960597051375656719e+01
3.964406936419879912e+01
3.965451403658595098e+01
3.965511402939274177e+01
3.966769062312713601e+01
3.974041468184658044e+01
3.977461237477071876e+01
3.977960105111384337e+01
3.979512280915609068e+01
3.983869099344637732e+01
3.984362435277780889e+01
3.984445743806332274e+01
3.989495609908225759e+01
3.993330081597624570e+01
4.001950816124306698e+01
4.005572399561125962e+01
4.012068792365234060e+01
4.028899315682001259e+01
4.029260136299632933e+01
