7.124418267761711832e-02
1.719317763312346869e-01
1.820026790049951160e-01
1.884317142850591154e-01
1.914493045487972722e-01
1.951610915016601666e-01
1.962655561255886028e-01
1.992410689141195235e-01
2.136653583643095544e-01
2.354126419209592314e-01
2.361009412766907900e-01
2.419750297248839388e-01
2.432042078453378053e-01
2.439502415604195562e-01
2.509578450336817923e-01
2.666214831509989835e-01
2.676464640507916215e-01
3.106550650788548751e-01
3.195898587481309505e-01
3.201517696892040021e-01
3.252749807692971729e-01
3.608328869075005940e-01
3.658768291239198334e-01
3.668089952055311187e-01
3.811733691292431558e-01
4.039035269802013772e-01
4.072821008151095157e-01
4.132287896475332900e-01
4.228764058952805271e-01
4.367859508111955336e-01
4.603948743361740981e-01
4.624485225845855751e-01
4.626272172957044404e-01
4.643752216729808424e-01
4.648376789698431821e-01
4.659481524300446154e-01
4.664397785260376850e-01
4.668206998513397821e-01
4.709220039766961463e-01
4.863437437823989740e-01
4.985357579646461090e-01
4.995186951097423389e-01
5.007379806526870425e-01
5.064704026165856021e-01
5.090688412841757327e-01
5.103494492729510057e-01
5.106830518866374291e-01
5.121073946767182861e-01
5.127662540708399774e-01
5.131671003322679780e-01
5.139310929984475251e-01
5.144280057640457926e-01
5.148195729554103650e-01
5.162357424484547153e-01
5.170557014068037915e-01
5.171564444471528077e-01
5.176664178816068329e-01
5.178373518691046229e-01
5.186420920676084734e-01
5.188992039080275731e-01
5.201690631284208166e-01
5.214993988853109386e-01
5.216403600755086245e-01
5.223233182435471633e-01
5.240740688049427831e-01
5.245702023107412515e-01
5.251754504042835947e-01
5.261500699623127275e-01
5.265742971828188956e-01
5.300573331961295764e-01
5.336376944940539602e-01
5.495221135413999036e-01
5.535241750682757811e-01
5.574661467802002335e-01
5.585724985072033633e-01
5.586691967846562079e-01
5.595219548317231784e-01
5.605271793842661054e-01
5.611056621142456180e-01
5.614666969158150778e-01
5.619402883403381566e-01
5.631145868668738785e-01
5.632995022062345924e-01
5.636273464871806027e-01
5.639416587486039134e-01
5.650741531942422569e-01
5.654850506501549745e-01
5.659511269954862200e-01
5.665684523169289832e-01
5.670072638996828118e-01
5.671776074207173224e-01
5.674538942252596030e-01
5.677573284362722461e-01
5.677650880445810344e-01
5.681964499871031693e-01
5.683316853876476671e-01
5.686527305891644346e-01
5.691341930334345989e-01
5.693127584047772416e-01
5.695632472144041003e-01
5.703760862243711927e-01
5.708063191681560511e-01
5.710836562643919478e-01
5.711180400033413207e-01
5.721880120875084685e-01
5.722670357992001300e-01
5.726036933282188102e-01
5.728889111146315827e-01
5.730755351580967272e-01
5.733677520550770623e-01
5.741808709007898415e-01
5.743239349397502025e-01
5.755820504939492821e-01
5.766379630296398773e-01
5.766673230719447929e-01
5.845800304902297739e-01
5.869429921239799341e-01
5.996697291225974169e-01
6.013199919902518786e-01
6.025469130038363375e-01
6.040207323248623084e-01
6.041607182829586975e-01
6.044552645888359166e-01
6.045305216435394868e-01
6.051901397710537367e-01
6.058266038462249981e-01
6.060795284910795999e-01
6.061127980707681218e-01
6.067691449615466581e-01
6.098275474602132817e-01
6.098748121279982115e-01
6.101695698727525041e-01
6.102318085776516909e-01
6.108019020552433176e-01
6.109265936772416694e-01
6.111106104501864422e-01
6.112553976017238710e-01
6.125911422084584501e-01
6.130636944088152518e-01
6.131150144760582066e-01
6.131430915704640938e-01
6.132828738217099840e-01
6.134608031782882165e-01
6.135254058106589525e-01
6.138998384004943354e-01
6.139945258608179302e-01
6.149232899522161233e-01
6.152238383541259736e-01
6.157161685057772615e-01
6.162671591958641670e-01
6.171580039276136631e-01
6.173329610359132857e-01
6.174560960352977190e-01
6.176112795327810545e-01
6.182359244410591259e-01
6.193670064900942407e-01
6.200471298768093220e-01
6.201526152891769783e-01
6.206402976665650328e-01
6.222975005519799652e-01
6.224121377132973976e-01
6.233312958087182665e-01
6.242571969033861023e-01
6.244071320957615967e-01
6.263248024321512730e-01
6.285153840798969327e-01
6.290565981418012598e-01
6.292871490951341684e-01
6.314371924786996715e-01
6.337274674932231733e-01
6.367217920703467371e-01
6.496957404884682319e-01
6.523112615221009492e-01
6.524697862108155277e-01
6.636236433693802894e-01
6.638917957171202033e-01
6.641062455688420130e-01
6.658720957605908097e-01
6.663834852322807478e-01
6.681205239875396273e-01
6.687881495952012756e-01
6.697508352051499969e-01
6.704331941744072765e-01
6.713846646804881857e-01
6.715973654626452571e-01
6.719307803678944424e-01
6.726252163240502568e-01
6.734450237138105422e-01
6.793865258627818093e-01
6.806080300857360044e-01
7.027595256251686351e-01
7.032837520835499845e-01
7.131889271568887523e-01
7.152865588853103418e-01
7.158604415187426184e-01
7.183970081347013092e-01
7.195749758465552759e-01
7.221256645583764566e-01
7.248137559460232637e-01
7.546891641586714883e-01
7.570273176279158633e-01
7.641299282255999969e-01
7.679208569079776225e-01
7.822663414786426017e-01
7.991262539779313556e-01
8.099599192634485689e-01
8.102771550685190505e-01
8.273427899736418567e-01
8.290816031735950276e-01
8.459696941757997024e-01
8.718785788375953416e-01
8.750430802531923291e-01
8.775028859495535016e-01
8.819783083669108237e-01
8.911771193925517309e-01
9.111056940280377603e-01
9.413606591052072758e-01
9.686199534635520081e-01
9.690332700552701795e-01
9.744313212249551270e-01
9.798780467872063582e-01
9.811887631768954066e-01
1.005131039390676051e+00
1.022988692182011050e+00
1.023260877489548193e+00
1.027054677549820383e+00
1.037471342169993704e+00
1.063231655378288565e+00
1.066627658209995388e+00
1.066697542150478739e+00
1.068411119297859813e+00
1.089839646924986027e+00
1.099029590080185415e+00
1.141059290096464451e+00
1.148846888360409935e+00
1.180992837186835231e+00
1.184281691917014712e+00
1.193190482879884939e+00
1.199110652390444898e+00
1.201767697067111840e+00
1.201890999455191178e+00
1.205721906807438515e+00
1.209445788951583722e+00
1.214048972463785958e+00
1.221393057714067254e+00
1.242808162754997170e+00
1.249969708174972993e+00
1.256263379770615529e+00
1.258574120355138604e+00
1.277218989034594188e+00
1.288089364200359910e+00
1.289061775830198542e+00
1.301778699554660079e+00
1.321803745728487911e+00
1.326343427525870311e+00
1.345057218022809309e+00
1.350025818739467809e+00
1.364327388404547037e+00
1.367515814985878819e+00
1.376785238162369751e+00
1.388373964357441537e+00
1.396012080886094964e+00
1.402237182777458457e+00
1.414491477571349520e+00
1.421443239105570910e+00
1.428358165738311314e+00
1.459583022827764864e+00
1.462474818427409673e+00
1.463882221671305217e+00
1.474621178185969939e+00
1.480917543556671490e+00
1.496248174714992274e+00
1.525353985782118116e+00
1.548646506404693923e+00
1.549139089063743313e+00
1.560349690418064483e+00
1.598436144327365582e+00
1.620741562197423491e+00
1.628725012694275165e+00
1.633156456673916068e+00
1.641269525483181724e+00
1.650866640916078154e+00
1.654766360692331517e+00
1.657224212229408522e+00
1.677652738642620989e+00
1.677875743320562663e+00
1.698021519975469573e+00
1.723217327607471816e+00
1.798521486529594426e+00
1.836682667803444247e+00
1.844050905954819797e+00
1.853964545664808838e+00
1.863488664716527410e+00
1.877656130473368989e+00
1.886501488693170359e+00
1.899782413929671065e+00
1.907697003692490512e+00
1.942132117857823914e+00
1.944762213422265518e+00
1.947481545930770608e+00
1.951802480134166018e+00
1.957786998573581627e+00
1.971839826715950039e+00
1.973809092062708714e+00
1.974655200407212874e+00
1.982921750016487294e+00
1.995949297336558459e+00
2.000403355510375292e+00
2.008363591456813424e+00
2.063420791248640640e+00
2.094734180217287189e+00
2.099634349332205829e+00
2.101305117326333516e+00
2.103285731040926976e+00
2.117064653597850565e+00
2.144461275114593946e+00
2.224254797458911526e+00
2.224516719046377489e+00
2.236929168379418797e+00
2.246368108729654978e+00
2.246467748147466637e+00
2.247029192438702694e+00
2.277995077898580689e+00
2.289617681825504292e+00
2.289806507028828264e+00
2.292143592769448901e+00
2.298122039859606502e+00
2.304292668754129636e+00
2.316013673394138550e+00
2.336877618448752969e+00
2.339428357265234126e+00
2.345609941168433465e+00
2.349023682810752689e+00
2.351525329992199431e+00
2.364036730905418437e+00
2.372756289826540410e+00
2.409248890105729402e+00
2.409803195191912550e+00
2.424137409760028561e+00
2.432305021098102316e+00
2.450784640762577737e+00
2.457340533699479579e+00
2.467126198416025318e+00
2.475183963628467154e+00
2.483155003949969242e+00
2.490396154445647880e+00
2.490747956696807819e+00
2.492960704977107866e+00
2.508279220010773969e+00
2.510393789090059613e+00
2.533153437373869110e+00
2.535676958329329267e+00
2.538898690303227568e+00
2.560702672118196688e+00
2.586388835342944503e+00
2.592453160819019331e+00
2.597399910153434632e+00
2.618121702606517331e+00
2.668866083614760853e+00
2.681608999551357897e+00
2.692179739781067838e+00
2.692991789858972140e+00
2.696668317832013884e+00
2.718020102245231939e+00
2.731618095136582269e+00
2.765961017566525015e+00
2.773940906097806192e+00
2.775176044041302248e+00
2.782808213210074655e+00
2.793221778333020211e+00
2.793356925804317825e+00
2.803765549790448119e+00
2.842754619285969397e+00
2.878929528974946805e+00
2.896999333461820925e+00
2.897868780585412196e+00
2.916057747166632907e+00
2.927057157547152233e+00
2.960951381097189028e+00
2.979074978581593314e+00
2.997276876548596647e+00
2.998696025534517418e+00
3.001376058305567085e+00
3.008654073470546919e+00
3.009968600262027394e+00
3.065986115822113334e+00
3.066594028630419189e+00
3.088291155758707163e+00
3.101790535082017186e+00
3.188856757603559799e+00
3.220196512044935844e+00
3.237984461480373000e+00
3.239038458226993100e+00
3.251633590897121451e+00
3.261883004013100162e+00
3.283661075411771435e+00
3.321896057121939805e+00
3.330840193117690973e+00
3.330931303856317527e+00
3.344308158566278166e+00
3.377411246286854407e+00
3.420573590475726178e+00
3.424470574715030580e+00
3.441288791632828747e+00
3.496661193278583823e+00
3.520170234646144536e+00
3.524418789251832607e+00
3.551226878571098311e+00
3.558788363404900679e+00
3.562491082042889445e+00
3.582157402470869556e+00
3.584075781280823492e+00
3.594845084392716217e+00
3.599239113948485169e+00
3.599571949489956069e+00
3.601754526671300027e+00
3.610913481186599938e+00
3.611756843426277896e+00
3.617252102777001710e+00
3.644239695573602944e+00
3.650117155155855553e+00
3.657881011349161327e+00
3.711511852512259679e+00
3.762573548891339215e+00
3.763314082454883192e+00
3.799705818749707475e+00
3.843396194738673444e+00
3.906088085091994344e+00
3.912091206546195465e+00
3.926492722754119313e+00
3.955524583345038536e+00
3.963133947796187329e+00
3.998883201061730119e+00
4.005057529861318244e+00
4.073210109219473907e+00
4.076547340101246419e+00
4.086340684440997961e+00
4.100649958953994201e+00
4.105167993487043532e+00
4.128016376262678477e+00
4.131720742560219151e+00
4.133900191003966995e+00
4.159769774607241288e+00
4.191256069829876196e+00
4.251800518857219657e+00
4.282499687363184648e+00
4.306440484268346580e+00
4.323269716183006040e+00
4.373745141291266236e+00
4.408240581047635942e+00
4.439562134039483965e+00
4.440806175621005991e+00
4.455653441195678965e+00
4.473958608803968673e+00
4.481923455686583679e+00
4.490072732340422590e+00
4.507781256691064442e+00
4.510921121007267054e+00
4.549798880538432400e+00
4.556619509373001087e+00
4.563588958596653811e+00
4.568911382559363688e+00
4.593062358793218891e+00
4.610442074218866537e+00
4.667367620642068005e+00
4.676873981120920121e+00
4.703626145828181393e+00
4.749451478302631813e+00
4.756183869840370448e+00
4.763515583182368118e+00
4.767660426446212796e+00
4.784119623274051492e+00
4.791852917305931214e+00
4.804736876301518578e+00
4.835791313152141058e+00
4.865444588821915772e+00
4.992263390552324154e+00
4.993575611780698864e+00
4.993648108610681646e+00
5.067914636860933797e+00
5.137180233388411565e+00
5.162222689144979171e+00
5.173677271270548772e+00
5.174702132711132663e+00
5.193751197424333554e+00
5.205009094854617047e+00
5.210217039492462732e+00
5.231093790874211891e+00
5.295172328427554476e+00
5.297557576693336046e+00
5.308394780261153301e+00
5.317069774751068678e+00
5.342770952340615054e+00
5.346250418122110659e+00
5.359119567262553119e+00
5.365023836647623057e+00
5.371808968818172048e+00
5.418710050718985372e+00
5.441793230036303441e+00
5.444748170121144426e+00
5.449504336600796250e+00
5.491425046471618998e+00
5.507623913050352371e+00
5.512372938615783369e+00
5.515644366762398221e+00
5.524850020865869737e+00
5.537049995537813629e+00
5.602415557163482163e+00
5.610903390015284486e+00
5.624431270788221582e+00
5.625928362518393122e+00
5.634767900669395146e+00
5.642306928171421987e+00
5.666784719485065125e+00
5.674793420344528272e+00
5.701845475496952531e+00
5.705015895666178949e+00
5.725868156479124949e+00
5.737081388200898857e+00
5.744004697814339977e+00
5.752571746657171303e+00
5.767031520630951036e+00
5.782732532141579895e+00
5.818742549834411193e+00
5.827565886123011296e+00
5.871892665338037887e+00
5.875805568631307096e+00
5.903436677604275928e+00
5.905589691667429975e+00
5.915070811883737179e+00
5.955030995444658970e+00
5.959077396759141720e+00
5.971749815533911487e+00
5.974987885950980626e+00
5.995361464318420985e+00
6.002210634549733470e+00
6.011242522721587989e+00
6.019517628264082987e+00
6.020012689806122808e+00
6.045280929836707173e+00
6.083184363141235451e+00
6.090675873734326728e+00
6.100137414945173475e+00
6.134401400508508573e+00
6.171467797827885349e+00
6.186354855201253500e+00
6.187549765402252433e+00
6.191756080554085884e+00
6.202178566615486943e+00
6.206166923858333462e+00
6.206789062102139098e+00
6.236877515310624176e+00
6.277864703264214086e+00
6.303711678836890542e+00
6.345916979459531149e+00
6.368649522816724584e+00
6.376161775543572219e+00
6.386420738170684785e+00
6.388750393618074952e+00
6.405001591627719648e+00
6.444988201085472213e+00
6.452913806057075874e+00
6.465468081735593842e+00
6.479217850516789667e+00
6.499432425254738632e+00
6.504716582971390437e+00
6.524011914540515988e+00
6.547124355350618430e+00
6.560209819931237973e+00
6.585633974750038533e+00
6.679188756655548787e+00
6.714683371677793389e+00
6.753025819404244956e+00
6.770301381089893766e+00
6.858067450630130679e+00
6.866740559765560192e+00
6.871097950206234373e+00
6.884889474795869546e+00
6.896335413334604425e+00
6.930990450338185838e+00
6.950609502978480236e+00
6.956483651537780588e+00
6.957834393063649259e+00
6.970665578196225454e+00
6.989131578980590120e+00
6.992550131117724277e+00
7.010983093469079108e+00
7.050412362157914004e+00
7.055566182868915348e+00
7.085627833405837350e+00
7.091856101482477470e+00
7.101242510521423412e+00
7.119831273222075652e+00
7.132889924470134702e+00
7.137859205092119907e+00
7.151789269750253197e+00
7.151958905005287193e+00
7.190992728257072031e+00
7.204731401154276682e+00
7.210844253330620290e+00
7.216025129138330385e+00
7.227604898886397677e+00
7.230216906054366177e+00
7.245682509500440460e+00
7.312883749437332881e+00
7.316166924735938437e+00
7.321430805349926629e+00
7.340593743781198555e+00
7.346283130455390165e+00
7.350201781622658359e+00
7.352226790366998443e+00
7.352682262682947112e+00
7.370381830481079533e+00
7.419172494565643206e+00
7.455919769326072810e+00
7.460574785006627963e+00
7.510709842722889107e+00
7.515294495362610405e+00
7.536394796967869070e+00
7.559232119305134390e+00
7.572238295417065501e+00
7.586516766053705396e+00
7.594168382114048654e+00
7.594249313530980317e+00
7.598972052964430901e+00
7.624270363079803658e+00
7.708010807420132338e+00
7.760077957945895832e+00
7.776075185713978044e+00
7.786548241895197009e+00
7.855625981952712777e+00
7.910545178927426591e+00
7.919575389536852583e+00
7.921412682072648259e+00
7.927483560958606290e+00
7.936717801764160640e+00
7.938217697411175777e+00
7.944902633096361910e+00
7.972576402598420486e+00
7.979588396393438643e+00
7.996062488199925156e+00
8.023729999740634611e+00
8.026833561261668137e+00
8.031266818058469426e+00
8.031498969609771166e+00
8.033396718402272541e+00
8.084395715172519203e+00
8.086895586151030102e+00
8.087626960265293263e+00
8.105229249828781235e+00
8.126060635575811375e+00
8.147371701244953357e+00
8.164607427041630672e+00
8.183544852454502916e+00
8.203838219420276801e+00
8.207250229301479294e+00
8.224285320849674008e+00
8.269677060989128137e+00
8.297505482632704599e+00
8.302991325622471663e+00
8.332821762645863828e+00
8.369407059483506828e+00
8.387094022578509112e+00
8.394472262796227824e+00
8.399827495482398376e+00
8.438062133902093365e+00
8.465562798359940189e+00
8.496673058483764862e+00
8.503996181083699923e+00
8.520798132018938986e+00
8.521651410170676400e+00
8.527134279815413720e+00
8.540692335831295168e+00
8.548915639708724257e+00
8.550688401745226486e+00
8.552671396253145986e+00
8.556408343296515895e+00
8.572433046985210581e+00
8.577783977721132658e+00
8.596732336609250069e+00
8.647396823356693574e+00
8.653394947809019300e+00
8.670206943050601467e+00
8.675134177802164004e+00
8.679356490530302892e+00
8.705233627328610169e+00
8.743801028548688237e+00
8.761763991523068285e+00
8.814846084675423299e+00
8.847939439634473047e+00
8.855027687370750300e+00
8.896794271127532738e+00
8.910114737158551179e+00
8.935662479472703978e+00
8.941252047164681471e+00
8.961843273825337519e+00
8.964701076767532584e+00
8.965279105898169121e+00
8.974758208264205450e+00
8.989858255750533544e+00
9.041964679935738047e+00
9.083283407914652940e+00
9.093286912872784455e+00
9.120895662876396415e+00
9.143225522703104957e+00
9.152915897051855154e+00
9.207549395730922015e+00
9.224482588021928109e+00
9.281697023980129302e+00
9.303840597828383352e+00
9.319651080805869015e+00
9.321432892968260830e+00
9.321519452169297892e+00
9.393198493173331443e+00
9.408987375296934630e+00
9.409650676862014507e+00
9.429717472374164799e+00
9.437631423936615249e+00
9.441041690356456684e+00
9.444004615849593165e+00
9.451617438570877994e+00
9.458218444536342417e+00
9.466755961026969146e+00
9.477160385199908887e+00
9.479676824583421535e+00
9.483663428779621540e+00
9.495142040243580439e+00
9.596334519831984267e+00
9.610051293795152105e+00
9.636607514871855074e+00
9.644784137408784375e+00
9.659169573134249731e+00
9.667884278392619990e+00
9.669761540620399387e+00
9.673264770932675560e+00
9.682950137721377359e+00
9.721192201942841393e+00
9.743791987104867047e+00
9.751843451597054013e+00
9.771048471141234870e+00
9.784284595343905266e+00
9.810561793645263151e+00
9.841077487868489015e+00
9.867552512218345839e+00
9.871686933959711752e+00
9.892994324747022006e+00
9.899605980368036739e+00
9.935561576809959661e+00
9.957193382753473543e+00
9.958949603144105822e+00
9.959322525651799651e+00
9.965877491698051927e+00
9.969666113752186476e+00
9.971326238303699796e+00
9.972206342769226239e+00
9.973899029699978769e+00
9.978125757396844264e+00
9.998680845651829685e+00
1.000146503095085748e+01
1.004963425337959393e+01
1.008514755000970808e+01
1.010426489155393348e+01
1.010446173101755463e+01
1.011302227731997050e+01
1.011755565944415025e+01
1.013094795683363714e+01
1.013807345809196647e+01
1.014708968696960767e+01
1.017322650801481387e+01
1.018520474095968353e+01
1.024772588332896817e+01
1.024807360974507731e+01
1.026874370812691772e+01
1.027940424330977010e+01
1.030776962984512579e+01
1.034039201880066372e+01
1.036762965454479968e+01
1.038109096366520134e+01
1.039448642120904509e+01
1.040715773028384916e+01
1.041641037410015258e+01
1.041826603250516570e+01
1.043433069038633221e+01
1.043510482261146421e+01
1.044503474863256542e+01
1.044522959857934552e+01
1.044745574082848805e+01
1.046158467603899567e+01
1.046626241765488885e+01
1.047397553765003408e+01
1.047769637888372074e+01
1.047908693550732551e+01
1.049281443110130851e+01
1.053900820132410843e+01
1.055141471332358094e+01
1.055711654423749479e+01
1.055914466527666917e+01
1.056845673800702912e+01
1.057396572328553219e+01
1.060399040683897809e+01
1.061028483251141097e+01
1.061321791742642517e+01
1.062122929476065281e+01
1.065411701816127277e+01
1.066650714347923667e+01
1.078526453366624338e+01
1.079150605667331320e+01
1.079792408344614785e+01
1.081543850598666268e+01
1.083606926537173365e+01
1.088623084381251260e+01
1.089624899559163396e+01
1.092068661867959634e+01
1.096148531630134926e+01
1.096893252993689316e+01
1.098097166873432684e+01
1.098985973853666565e+01
1.102873807525387662e+01
1.103956410786349807e+01
1.104339865194693004e+01
1.107767373148381651e+01
1.109296335197669237e+01
1.114154686588466348e+01
1.115531773021496065e+01
1.116390880267607599e+01
1.120279115693759309e+01
1.120403500663762486e+01
1.121711448405633860e+01
1.125511767744683311e+01
1.125999587191000728e+01
1.129452559674544432e+01
1.130366544723028710e+01
1.134448997373283419e+01
1.135725783331872663e+01
1.141858164999526082e+01
1.142986365693364803e+01
1.144030390660724095e+01
1.147593938744893194e+01
1.156775873562708057e+01
1.158143104010765967e+01
1.161909548145669646e+01
1.164449071130670177e+01
1.165060902563337208e+01
1.166518215971812822e+01
1.167278679562933519e+01
1.167318190246156995e+01
1.169838584301956530e+01
1.173155865907459372e+01
1.173825567059644470e+01
1.173900136045428155e+01
1.176450252600690405e+01
1.180117629200521634e+01
1.181066247156296356e+01
1.182066636819817518e+01
1.185752594041966290e+01
1.186526457357803110e+01
1.187019108720417648e+01
1.188114921294322812e+01
1.188924923168357495e+01
1.189585085569027001e+01
1.189880185532843981e+01
1.190702443464034843e+01
1.191621456528365286e+01
1.194196584537390038e+01
1.196051733768052827e+01
1.198945942161515177e+01
1.201332262400580930e+01
1.201839995430182739e+01
1.203276656332718630e+01
1.203945798358246222e+01
1.203996683375979160e+01
1.204131593922878096e+01
1.205224330560994872e+01
1.208772229596904246e+01
1.209298348634968079e+01
1.210538625924712619e+01
1.211035060921705053e+01
1.211254352080651842e+01
1.212098734917279330e+01
1.213234822788510314e+01
1.213796667659465811e+01
1.214201333920351900e+01
1.214342775834375843e+01
1.214927276987755533e+01
1.215142502943463398e+01
1.216144556896151130e+01
1.216625875064246998e+01
1.218826567771039038e+01
1.218865394045529627e+01
1.219000247354057365e+01
1.219642944671167584e+01
1.224989218379898759e+01
1.225710591016677142e+01
1.231296520578547415e+01
1.236801773530201842e+01
1.237588308684090066e+01
1.238903136102697999e+01
1.239344647462173299e+01
1.239508342952811404e+01
1.240913626019038318e+01
1.240968671223153308e+01
1.242119425455606319e+01
1.244373339145374757e+01
1.244735780793786262e+01
1.250598943501265126e+01
1.256637844467496734e+01
1.258779303171542452e+01
1.260650507096094941e+01
1.261761794540481674e+01
1.261994810918669430e+01
1.263047284935254666e+01
1.266625556266064301e+01
1.267036123021385663e+01
1.268372586698558280e+01
1.268653763578693372e+01
1.269091979206126553e+01
1.271587657617016021e+01
1.272660022054291318e+01
1.273413515369037441e+01
1.276898117574944536e+01
1.279694011936814491e+01
1.280290279952356514e+01
1.281162015377022456e+01
1.281453865920107660e+01
1.287441394551166596e+01
1.290538173973840230e+01
1.292552362854814874e+01
1.294610440306715304e+01
1.296024894339178957e+01
1.296903905589544337e+01
1.300014195984067200e+01
1.307178835952969109e+01
1.308481273506365028e+01
1.311243184246956162e+01
1.311644072761991708e+01
1.316566829816932227e+01
1.317655297052218089e+01
1.319324088851576704e+01
1.321093968468214541e+01
1.322938514408278365e+01
1.323659097942926621e+01
1.329157955203893948e+01
1.329178954450836159e+01
1.329954531570700027e+01
1.331754744224528508e+01
1.332557746220727601e+01
1.332602812806491954e+01
1.333000269505225788e+01
1.336682399804590204e+01
1.338871885884778834e+01
1.339421520339985250e+01
1.340257307264456799e+01
1.349381849632497143e+01
1.351077964723505431e+01
1.352378841913763097e+01
1.356203253681081833e+01
1.356601077972361935e+01
1.356614461436987540e+01
1.358407534055637100e+01
1.363868272283674798e+01
1.365310499725267590e+01
1.368994272970342152e+01
1.377673510047877947e+01
1.380644290753968662e+01
1.382378100015143474e+01
1.385517856560949213e+01
1.387933414533139853e+01
1.389930932397459173e+01
1.391755162736664886e+01
1.392000821275843236e+01
1.393634264502522058e+01
1.395654453178715926e+01
1.396606402799676516e+01
1.396847775483094267e+01
1.398077873043732389e+01
1.399719511301620400e+01
1.400354181945263576e+01
1.401092243894301248e+01
1.401544870291050415e+01
1.404433592269486653e+01
1.405311713522725370e+01
1.407459316724728637e+01
1.409911607241488696e+01
1.415534895032868690e+01
1.415603551869014609e+01
1.418312481584143114e+01
1.418861734417308895e+01
1.419712018751711824e+01
1.420397556153888274e+01
1.422117711735485024e+01
1.425559955570817294e+01
1.427138126184186717e+01
1.428519936694121384e+01
1.430989624556860207e+01
1.439236672209680989e+01
1.441416577276217481e+01
1.442273026881190390e+01
1.447697423378729376e+01
1.450292924105308145e+01
1.452207304501004614e+01
1.454577982597550090e+01
1.455136767635747219e+01
1.456949088427050754e+01
1.456962004234569719e+01
1.459726581936377521e+01
1.460029447891636778e+01
1.463189469293300959e+01
1.464025991036012186e+01
1.468798724351434970e+01
1.470887221261311595e+01
1.472344815503782911e+01
1.474231673178064739e+01
1.475067512189279739e+01
1.475578440903813515e+01
1.477390251311572911e+01
1.479666301621425362e+01
1.479858953611380912e+01
1.481276585836269533e+01
1.483487182126467019e+01
1.484654371641116199e+01
1.484784855120815905e+01
1.487485301127838255e+01
1.493878275251239529e+01
1.494148704440346620e+01
1.501035888555946940e+01
1.501793295319512822e+01
1.505545900481027388e+01
1.506495426846979058e+01
1.506592404633850535e+01
1.507655410182243827e+01
1.511990492464900626e+01
1.513351086782832056e+01
1.514753560817676714e+01
1.516479275814594985e+01
1.518902450243876956e+01
1.520177456009472117e+01
1.523662956023056836e+01
1.524263451645330747e+01
1.525126856358825123e+01
1.529636042303421917e+01
1.535363917575320158e+01
1.535760381426564436e+01
1.537099919953394078e+01
1.539541039292645053e+01
1.540794746737986998e+01
1.542871796536537943e+01
1.546829163595383250e+01
1.547603246666581356e+01
1.553950398988030912e+01
1.554103181719354865e+01
1.560745192453414631e+01
1.562127311121270168e+01
1.562204890028068860e+01
1.566416567450684560e+01
1.568175525533486336e+01
1.570245345628678990e+01
1.570572884869338282e+01
1.570904299629670220e+01
1.571967111948363538e+01
1.572943835664338508e+01
1.575897594180844408e+01
1.577678766920099918e+01
1.580129221723001365e+01
1.592773029121826767e+01
1.593348686827516758e+01
1.594144496553050772e+01
1.594747078922105743e+01
1.595179315156110711e+01
1.596784529189787349e+01
1.597579592729155706e+01
1.600874663472384896e+01
1.601317990218386456e+01
1.602037825211352384e+01
1.602778718633067001e+01
1.603810517013557302e+01
1.604985298141482986e+01
1.606350498352178136e+01
1.607787439344087943e+01
1.617556309557261329e+01
1.618801554712040058e+01
1.619884991771050409e+01
1.623030688589706472e+01
1.625775839791823785e+01
1.629039838533893203e+01
1.634173898652667845e+01
1.634547721837888190e+01
1.636074247472271281e+01
1.636574362746466704e+01
1.636716451097028369e+01
1.643130980935522700e+01
1.643677672529693723e+01
1.647078435289009946e+01
1.647743013813202850e+01
1.655997734051862835e+01
1.656240145745558578e+01
1.658045214327848882e+01
1.659684041662299592e+01
1.663627738431993919e+01
1.664547046979060951e+01
1.664859195879023446e+01
1.666082025772626451e+01
1.667280405340054017e+01
1.667782403070665964e+01
1.667806003355343591e+01
1.669576581645200974e+01
1.673503336242995942e+01
1.675063638118231779e+01
1.681830979383953562e+01
1.685815181328709400e+01
1.688939202430832864e+01
1.689692495861569910e+01
1.690179273732658771e+01
1.691922464940995496e+01
1.693466822978994912e+01
1.693793938785315589e+01
1.694260203441447743e+01
1.694406630289324767e+01
1.701618460008145917e+01
1.702423847544713453e+01
1.702500677234431237e+01
1.703671342312541981e+01
1.704731249021962469e+01
1.708118963862379758e+01
1.708471392278639200e+01
1.710264041643490884e+01
1.710610790353446475e+01
1.711553099041333326e+01
1.715922262807723087e+01
1.717382507558929206e+01
1.722451500011543146e+01
1.723298500650869869e+01
1.726660956349601150e+01
1.728037864092694065e+01
1.728173996770368603e+01
1.729009130620917745e+01
1.731375820761299167e+01
1.732036182642087851e+01
1.742523027436926952e+01
1.745495991206652775e+01
1.745822483351355459e+01
1.747962855082883493e+01
1.751319758500099510e+01
1.755298289077574125e+01
1.756343384084284764e+01
1.758782338170111714e+01
1.758847867925825170e+01
1.760914369279235814e+01
1.762010810439420538e+01
1.766086749557257463e+01
1.768212586667326036e+01
1.768994128961428913e+01
1.771796146192169630e+01
1.773646868673162658e+01
1.774354524475320005e+01
1.774659982689766480e+01
1.774773504559863824e+01
1.777028405438591108e+01
1.778283861275440358e+01
1.778403631212107427e+01
1.779103887478098045e+01
1.779234766079126473e+01
1.779398089240272895e+01
1.779418667015895039e+01
1.784011075041601657e+01
1.785947175770326112e+01
1.793663847914270093e+01
1.797021025209798495e+01
1.797570098537366334e+01
1.799943287153396909e+01
1.800341168372784750e+01
1.801545063747821018e+01
1.801701410386428392e+01
1.803643955998586534e+01
1.804266922647467197e+01
1.805165690506670018e+01
1.808340649481991136e+01
1.809822558466350984e+01
1.810039691269781770e+01
1.811876688088074872e+01
1.812010137550644373e+01
1.813901999494226658e+01
1.819084155715478701e+01
1.819456469376928709e+01
1.820389474318025691e+01
1.820997167764479130e+01
1.821151716784117980e+01
1.826354278943610154e+01
1.829674207514779027e+01
1.830550257380963330e+01
1.832316418355812004e+01
1.834535318590975805e+01
1.840283059184834258e+01
1.842410337739921999e+01
1.845845288184604982e+01
1.848058316045481320e+01
1.850754167673700579e+01
1.851454352630213407e+01
1.854133513235002795e+01
1.857441574429800824e+01
1.860304012018832509e+01
1.865045897035307121e+01
1.869622542184103509e+01
1.870075835439173773e+01
1.870421959401633671e+01
1.872794786248628895e+01
1.874821678447980844e+01
1.875370119918801493e+01
1.877531000268967887e+01
1.879610903333552585e+01
1.883288103879993969e+01
1.883906709582979033e+01
1.885862472618322982e+01
1.886342353936231575e+01
1.886426103459776726e+01
1.893319978490552558e+01
1.897248583274293310e+01
1.903043840848017965e+01
1.903700202711365819e+01
1.904210721022991493e+01
1.906562606322637521e+01
1.907454125555955216e+01
1.911749179559926048e+01
1.912442634303467059e+01
1.912539311286977295e+01
1.913664084404125276e+01
1.916627054810213338e+01
1.920575059585993927e+01
1.930483039002183432e+01
1.930952215387529236e+01
1.932371136643220666e+01
1.933610107968256386e+01
1.934022126278809139e+01
1.937976382248359641e+01
1.941869120690758166e+01
1.943842698170735162e+01
1.944359003837284661e+01
1.951233242052958872e+01
1.954772892355604341e+01
1.954854749468105979e+01
1.955437118994392875e+01
1.957526040821882418e+01
1.962956442950863334e+01
1.963961282639466077e+01
1.965315674626575060e+01
1.970421909507905411e+01
1.970950800628087052e+01
1.971436564830985105e+01
1.972348444033579540e+01
1.973610962963540771e+01
1.979225286671029238e+01
1.985063061160879272e+01
1.985087879560204982e+01
1.986052999925695417e+01
1.986629526148198011e+01
1.987685390643074612e+01
1.989666757229437621e+01
1.991000033552286652e+01
1.993268214146800688e+01
1.993279508273268874e+01
1.994435840705264695e+01
1.996194935281951643e+01
1.996466314993593016e+01
2.000066904989395766e+01
2.000924166813510396e+01
2.001400088738262184e+01
2.004418178118780247e+01
2.015399770084667352e+01
2.016678036474009872e+01
2.018995547482739994e+01
2.020833146713356143e+01
2.023841613069220102e+01
2.026003423552616312e+01
2.026755730278404144e+01
2.028060685306454047e+01
2.029699359842303608e+01
2.030709396343488038e+01
2.031323910049862391e+01
2.032949491271226350e+01
2.034988695102472889e+01
2.039069524690232527e+01
2.039072572864529320e+01
2.039947254929001019e+01
2.043295516330080375e+01
2.044729605033555231e+01
2.046480640943897811e+01
2.048739432792768511e+01
2.051936780497099733e+01
2.055741331105297576e+01
2.062029270549919602e+01
2.070892282881209212e+01
2.072787412140111485e+01
2.075012411967044557e+01
2.075870491406581664e+01
2.076804559961826868e+01
2.077093853485045827e+01
2.082826370287079953e+01
2.082885948873730797e+01
2.084737703137167841e+01
2.086627278109243022e+01
2.090642085293951169e+01
2.093410491936248263e+01
2.094351589183825979e+01
2.094915293019387548e+01
2.095850845425836440e+01
2.097388824895767812e+01
2.097698120245425457e+01
2.099658537101647937e+01
2.102671234179517512e+01
2.104980112828528860e+01
2.107885671117004733e+01
2.112183110436814104e+01
2.113648440269781759e+01
2.117319277335913341e+01
2.118094371774692064e+01
2.120470575491680876e+01
2.120541202393921054e+01
2.120615699313458435e+01
2.127196892476622736e+01
2.127363706311498959e+01
2.128418574966182319e+01
2.134614662932902718e+01
2.135226009892420507e+01
2.135930255265020605e+01
2.141357283048768068e+01
2.146861603599128898e+01
2.147029446279850617e+01
2.147858734437406625e+01
2.148973228423513859e+01
2.151416688184261261e+01
2.154009476862424322e+01
2.154594143981127274e+01
2.154928580149861972e+01
2.165712652115298198e+01
2.174061677809638837e+01
2.176444852647871642e+01
2.176486108251012297e+01
2.183781534219778564e+01
2.185056204026036397e+01
2.187297087310964727e+01
2.187305049459466488e+01
2.189477477982790532e+01
2.190558042603385047e+01
2.191239336173352825e+01
2.192016539051564905e+01
2.194533124424249593e+01
2.195121346142423846e+01
2.195188966786994911e+01
2.202158182384962970e+01
2.203287220917737699e+01
2.206534494807564784e+01
2.210117163592569511e+01
2.222044929754693499e+01
2.228393772407431328e+01
2.230165213131425617e+01
2.233884934178644244e+01
2.235156565965893094e+01
2.236337848556397034e+01
2.237262725051570555e+01
2.239202686008496812e+01
2.242651243081925827e+01
2.249388751012870102e+01
2.256668277645076159e+01
2.259092706651410509e+01
2.263322930329168514e+01
2.264600412388328721e+01
2.268366054051647751e+01
2.268719483312857221e+01
2.269592912602600165e+01
2.270269942498686078e+01
2.270753719349612254e+01
2.273277777704080904e+01
2.275998799732622047e+01
2.277101649803181260e+01
2.277899122452672742e+01
2.280574260263281872e+01
2.288274334467272908e+01
2.290287522322059033e+01
2.293418803816789620e+01
2.294674154638350672e+01
2.294861488659016402e+01
2.297648724248392682e+01
2.298942081106429214e+01
2.302840807919150024e+01
2.303195369278465421e+01
2.304932886155128813e+01
2.305526220778975244e+01
2.307751038013147138e+01
2.310098273701510152e+01
2.312387065481127024e+01
2.314707294439480734e+01
2.320788062762286330e+01
2.325772494331177143e+01
2.330242068951426404e+01
2.335370724309834145e+01
2.338741525861590631e+01
2.339226621630025704e+01
2.340721941498517822e+01
2.345360843003942364e+01
2.350764241963319279e+01
2.351726730041201563e+01
2.358851084669316123e+01
2.361632840748282547e+01
2.362092239036178398e+01
2.363656703531393077e+01
2.369704271887508185e+01
2.371361656545306573e+01
2.373004839319874293e+01
2.380651073623607772e+01
2.383549764348980204e+01
2.385348147377263928e+01
2.386088205881493707e+01
2.388052788868495213e+01
2.388066697986616660e+01
2.390936267668209325e+01
2.394606430544779130e+01
2.396525253616139395e+01
2.398347209189373075e+01
2.403372617779699283e+01
2.405965217569274728e+01
2.409119370009357652e+01
2.409383086103829896e+01
2.413560783221970496e+01
2.423025958447880157e+01
2.425388565380686146e+01
2.428754740994187955e+01
2.430848299243618271e+01
2.432660067554996886e+01
2.434509847822349116e+01
2.437697591334553948e+01
2.439395418809795046e+01
2.441386641486377584e+01
2.444157017785641983e+01
2.446522748439166151e+01
2.451388281553229831e+01
2.455101857860998393e+01
2.468735185790283282e+01
2.472937980270464209e+01
2.473564465962391523e+01
2.474136833936615787e+01
2.476043259780311701e+01
2.477622284559869570e+01
2.478771057593439053e+01
2.479164104318550699e+01
2.479705649138671220e+01
2.482794340186132587e+01
2.488032917426691881e+01
2.496597407092587417e+01
2.504620954490811613e+01
2.504941943538574378e+01
2.506881363931633899e+01
2.506912354191613090e+01
2.508751815245136640e+01
2.508937766633255251e+01
2.510788403791892165e+01
2.513402718593542318e+01
2.526970279548168818e+01
2.534905315540378368e+01
2.537258139751614294e+01
2.540785557907958037e+01
2.542886613714455279e+01
2.543535723697000606e+01
2.544008792491914761e+01
2.548654835313138278e+01
2.551361292319305818e+01
2.552767825591287476e+01
2.554101010452683340e+01
2.556796107479445368e+01
2.557178281119954022e+01
2.559198484597442302e+01
2.560616809494435131e+01
2.567773775431561489e+01
2.569612557410052034e+01
2.571016678498193642e+01
2.576748031690879515e+01
2.577438202108965015e+01
2.582508828160198533e+01
2.586056222933845561e+01
2.586159522827413682e+01
2.587639418495233201e+01
2.587776477721931201e+01
2.588433586066948777e+01
2.597899380228750488e+01
2.601136479915439281e+01
2.602264464511056019e+01
2.602915707891003194e+01
2.603425462282642400e+01
2.604087488488900703e+01
2.605012906867510480e+01
2.605952915210975362e+01
2.606474837328897820e+01
2.609115023844017855e+01
2.611650750001598453e+01
2.612284412334937400e+01
2.614771729658301069e+01
2.617753425518030852e+01
2.619236093087505424e+01
2.620228358138512448e+01
2.621598670202298820e+01
2.623718994426532447e+01
2.630028608750037478e+01
2.635667401967918977e+01
2.637121965423892789e+01
2.644276688044288903e+01
2.645320499031998196e+01
2.647010089265714328e+01
2.647830366209413455e+01
2.648179270145982400e+01
2.649144838281966940e+01
2.650474830095254930e+01
2.658979828888428187e+01
2.663329138467061341e+01
2.664582071363943783e+01
2.665821361751002883e+01
2.666038483759842137e+01
2.676604803117086817e+01
2.678745073606003757e+01
2.680814679967711811e+01
2.682704050107106042e+01
2.686697940645394311e+01
2.690940434783996693e+01
2.691222976447096471e+01
2.695876144631360205e+01
2.696953576349724813e+01
2.698709545250554243e+01
2.705103054115107852e+01
2.711470612216746190e+01
2.712094728380907327e+01
2.715243704626757903e+01
2.716333753842445731e+01
2.719639517975455334e+01
2.723986853819067733e+01
2.724695721472292220e+01
2.727477604737728356e+01
2.740489792602274122e+01
2.744385932679031725e+01
2.749831888450840722e+01
2.751454756974095517e+01
2.751948652538121110e+01
2.753254647537823985e+01
2.755073804466284315e+01
2.760632842565786405e+01
2.761820770133627434e+01
2.763331336134724125e+01
2.769338915563670511e+01
2.770608826687586657e+01
2.777182597539884057e+01
2.779285374895771099e+01
2.780654512678632528e+01
2.780847202535908025e+01
2.781168640438255579e+01
2.791923363563812188e+01
2.796007026220854286e+01
2.797263200394203153e+01
2.801017758999412877e+01
2.802367629288119133e+01
2.807289748136608409e+01
2.807420277855193547e+01
2.809756417371467307e+01
2.811430227456943953e+01
2.815140966961206459e+01
2.815378621186708585e+01
2.815442391745855844e+01
2.816210157641808109e+01
2.816916615615586750e+01
2.820577312546824800e+01
2.821341315857652177e+01
2.821877390991377155e+01
2.825152069550888712e+01
2.826157595935767119e+01
2.828572915825987266e+01
2.829709445548996172e+01
2.831441574763783819e+01
2.837099918792455355e+01
2.845199173545776716e+01
2.846650502954939554e+01
2.846708697549797051e+01
2.846820078646923236e+01
2.847261618128227667e+01
2.848224254354671459e+01
2.849140574306527185e+01
2.852581991137383355e+01
2.869894618574329570e+01
2.869957803058336765e+01
2.870788536025116855e+01
2.873769694796788343e+01
2.880355075693050537e+01
2.882115394703680522e+01
2.885837163656522719e+01
2.886263781632916903e+01
2.888013596370089431e+01
2.891309766893300548e+01
2.899568350980497655e+01
2.904341062464689571e+01
2.912941598625391393e+01
2.917955843779149916e+01
2.927733287572712584e+01
2.938604192019246852e+01
2.939944714204216325e+01
2.943047923740464000e+01
2.947321894526887576e+01
2.948486326791730860e+01
2.951095051606674247e+01
2.951456437445423830e+01
2.957296294681171389e+01
2.957623540628091519e+01
2.959109881978424994e+01
2.959897606237835532e+01
2.962237360590027535e+01
2.962514885624706551e+01
2.974668367150398041e+01
2.978997264181519711e+01
2.979475246482627426e+01
2.980115409346083766e+01
2.987816926465373513e+01
2.988444919778130071e+01
2.988883409240315103e+01
2.992805056245317985e+01
2.993082173770014265e+01
2.998326939146047820e+01
3.001162332832502955e+01
3.005624529920235588e+01
3.006651139698890773e+01
3.007049333712605943e+01
3.012767466700731944e+01
3.013143166486267077e+01
3.013927867950823725e+01
3.015270700005859794e+01
3.018542880748775303e+01
3.021816435849731519e+01
3.021909800184280925e+01
3.024783324510570992e+01
3.026300515684128456e+01
3.027017205319350523e+01
3.028172394614125551e+01
3.028905161890028808e+01
3.032364860360749503e+01
3.032510125742244611e+01
3.037951967527482822e+01
3.039439476107397553e+01
3.042615687596348550e+01
3.042736785795238319e+01
3.044250649815663223e+01
3.045776611059599759e+01
3.047021506115379452e+01
3.051492660874217222e+01
3.054094636532113327e+01
3.058085816135815094e+01
3.067679973054009679e+01
3.068690969082629394e+01
3.074428241755666136e+01
3.076208266840841077e+01
3.078946141124353630e+01
3.081725239665999538e+01
3.082817077835511554e+01
3.082979435507408539e+01
3.087358923489200180e+01
3.090113040405607592e+01
3.090688819584134706e+01
3.092741695075012842e+01
3.093818202506459158e+01
3.095759438457590917e+01
3.099284800127050232e+01
3.102151818188844246e+01
3.106304315171054853e+01
3.107089562339218958e+01
3.109919358151367419e+01
3.112581831891431250e+01
3.113583753148027711e+01
3.123862711028909445e+01
3.127194293251500312e+01
3.128141494272051659e+01
3.129967772392328129e+01
3.135441739917001769e+01
3.139573552523005873e+01
3.139865435943811178e+01
3.140324548914306035e+01
3.142542393486441199e+01
3.146810947397751690e+01
3.146977159830903759e+01
3.147896026548131942e+01
3.154667589166666630e+01
3.157872863005694342e+01
3.161966915243611709e+01
3.165593858386215231e+01
3.167102025233066342e+01
3.169575837075880997e+01
3.170801422064300823e+01
3.172805580826010186e+01
3.174629395155541545e+01
3.177038450533679281e+01
3.179332033222284792e+01
3.182442751605291420e+01
3.182823658459400917e+01
3.183760853887064712e+01
3.192529293972303606e+01
3.193976015792672740e+01
3.197673336052655912e+01
3.198049730139420888e+01
3.198706233687117617e+01
3.199677105470340166e+01
3.202534400672949744e+01
3.210501360056281328e+01
3.211516887018544253e+01
3.216512735687749114e+01
3.223860660116523036e+01
3.223937552907486292e+01
3.224512289692823686e+01
3.225890243358466591e+01
3.228425474163854858e+01
3.228556371518536139e+01
3.237260686717762326e+01
3.242444292347261126e+01
3.243516094032160879e+01
3.244681657948436282e+01
3.248017769293601020e+01
3.248540230496912784e+01
3.255661420915657800e+01
3.257560905932658812e+01
3.261215916419345717e+01
3.266604961768146609e+01
3.267482041461761355e+01
3.274713282687335436e+01
3.276824060922988480e+01
3.277781931716009467e+01
3.279269795737265270e+01
3.279287188555969124e+01
3.285575500251395908e+01
3.291256856773202344e+01
3.294347653499848150e+01
3.307631353391089135e+01
3.307823163756039264e+01
3.313401894522356628e+01
3.316738337057927311e+01
3.325112613621486446e+01
3.329118703092731835e+01
3.336308281608756943e+01
3.337751521926739429e+01
3.339036709570834205e+01
3.340065752542611222e+01
3.340897315606582652e+01
3.341595831763314095e+01
3.342470275235893951e+01
3.343598311283847124e+01
3.344062420906706734e+01
3.347314509141025951e+01
3.350770232620185141e+01
3.358094965082720051e+01
3.358501060119809267e+01
3.368102038084111882e+01
3.370415928657610038e+01
3.373370248524113890e+01
3.376120844616615102e+01
3.377740544595425831e+01
3.381069967947352950e+01
3.381845440272573455e+01
3.381864068640084753e+01
3.382313650632511326e+01
3.383392330876377230e+01
3.384095724085736379e+01
3.384823182846952250e+01
3.386420686688029491e+01
3.396131340003408638e+01
3.396460698049391169e+01
3.397833869321161160e+01
3.400941581939095215e+01
3.402088586197416475e+01
3.404154620496026951e+01
3.404193920532122775e+01
3.414644752040818076e+01
3.420494129464205457e+01
3.423059288352300200e+01
3.428273045170999467e+01
3.430766621208815081e+01
3.432992521197234481e+01
3.433266718822049057e+01
3.437209464066593512e+01
3.441897445112121545e+01
3.444805780573040010e+01
3.461491917649678385e+01
3.461695552395823938e+01
3.463060138544886968e+01
3.465109869010279908e+01
3.466013887510217728e+01
3.485630553594442915e+01
3.493981128699184069e+01
3.495252653734522141e+01
3.503478279678785867e+01
3.507425732487089931e+01
3.510639391157758382e+01
3.518409062121763498e+01
3.525313659419367696e+01
3.525617488125259769e+01
3.529038160066975394e+01
3.533314683267903433e+01
3.533783942088379604e+01
3.534747392179492920e+01
3.539698810929955641e+01
3.541663904886986103e+01
3.543285324069712772e+01
3.543590809618834214e+01
3.544071796035484567e+01
3.546667836085869396e+01
3.547504065012407182e+01
3.548310476711867523e+01
3.550981743879617625e+01
3.553535598984038302e+01
3.553609727160571197e+01
3.563316660222866972e+01
3.566291017510455674e+01
3.567646452417369574e+01
3.568598187024780799e+01
3.570966795143023376e+01
3.570974935787172200e+01
3.572777397937993271e+01
3.574411847681280108e+01
3.574832864675269661e+01
3.575745557624508564e+01
3.576509347393772487e+01
3.576531567132191469e+01
3.578431643164087461e+01
3.583567348421192378e+01
3.589889782072222602e+01
3.592081496137726049e+01
3.601959183604037662e+01
3.604217383044732514e+01
3.608277960802046636e+01
3.610218689346915966e+01
3.610761046025314158e+01
3.611725769053100521e+01
3.613655228045783474e+01
3.615133931913330656e+01
3.617260982970422845e+01
3.620729901196663292e+01
3.621292802133833533e+01
3.621512685483162386e+01
3.622635631874445039e+01
3.636400747302826630e+01
3.641229732717577861e+01
3.643677019545482665e+01
3.643976290746289237e+01
3.647626227947115751e+01
3.652532757352888382e+01
3.655876118503468319e+01
3.656658134987137032e+01
3.663935262075287369e+01
3.664405749142540714e+01
3.667204092994219877e+01
3.671823920751063497e+01
3.672525921057578557e+01
3.672950311268810708e+01
3.673246247550596877e+01
3.677141306769165396e+01
3.677375219494801684e+01
3.678164187796545548e+01
3.687007095023560055e+01
3.690782701885826356e+01
3.693014091033268187e+01
3.693206838859572372e+01
3.693948238240332671e+01
3.722453809727626606e+01
3.724485293892077209e+01
3.727533848417522222e+01
3.728818420192808958e+01
3.732763240539125604e+01
3.736389333211056396e+01
3.750184404205397470e+01
3.750821241200392819e+01
3.760957346452197214e+01
3.765181032123005878e+01
3.771465320928550113e+01
3.772184936742879557e+01
3.774755457956749183e+01
3.777903118791226689e+01
3.784337432100047494e+01
3.784664088379690128e+01
3.787931499370293409e+01
3.788142856289293547e+01
3.796828665062471941e+01
3.801511778049946599e+01
3.804222733241954302e+01
3.804455246168782878e+01
3.806123937276483105e+01
3.806739528432881059e+01
3.807500086859849375e+01
3.807783722968835605e+01
3.809550132159031222e+01
3.814943672922933615e+01
3.815379633480939958e+01
3.821132429749550852e+01
3.822870068734168569e+01
3.824367977830379317e+01
3.824980814567959442e+01
3.825951609751227522e+01
3.829224438334250635e+01
3.835366356721559100e+01
3.849205538831849083e+01
3.860340396847989552e+01
3.866132284754864656e+01
3.868791125870843928e+01
3.873014786650127661e+01
3.881129802343594548e+01
3.885041407302059469e+01
3.885782719257753115e+01
3.886277691602298745e+01
3.886403269608729261e+01
3.886440539056654586e+01
3.904152176624698711e+01
3.904846627597041220e+01
3.910578431535637378e+01
3.913638206764383654e+01
3.914949315939411179e+01
3.916614574248779945e+01
3.916992696307821120e+01
3.919106845290189511e+01
3.921644938300204331e+01
3.930730796562821183e+01
3.940817574892278685e+01
3.944832905249841559e+01
3.945189650064001796e+01
3.948011258286578595e+01
3.949121842892374445e+01
3.953087469700018630e+01
3.955374092417065413e+01
3.958551583665219198e+01
3.964834155105737779e+01
3.992894946535701450e+01
3.994739043308484838e+01
3.996876389607167823e+01
3.999610557889499063e+01
4.002603182694129913e+01
4.015847918886481693e+01
4.022067214187327977e+01
4.029156732578698552e+01
4.030355247420828846e+01
4.031722221864289679e+01
4.033540164665896555e+01
4.038687465035982171e+01
4.041696772147449224e+01
4.042245809859609551e+01
4.043256501502712297e+01
4.043389300707792700e+01
4.045874435242555478e+01
4.050804327562973128e+01
4.054255431980964630e+01
4.054537161503682796e+01
4.062133434907116936e+01
4.064352081073472789e+01
4.069761484024967046e+01
4.070092107784759605e+01
4.073792069630843571e+01
4.075721656907277435e+01
4.078663018329597634e+01
4.097213751394204451e+01
4.097789667638269862e+01
4.101912854085335880e+01
4.117938013191157864e+01
4.121432725453411194e+01
4.122509769357965581e+01
4.123792742739698269e+01
4.126736832269246236e+01
4.130843125647980685e+01
4.138676628596597595e+01
4.141689551058560426e+01
4.144197194599482259e+01
4.154543926667192011e+01
4.157788656818674866e+01
4.158669575855824974e+01
4.158740954485283225e+01
4.159260647603539240e+01
4.174744097224305506e+01
4.186022435666666297e+01
4.188656632074803809e+01
4.191767965398803142e+01
4.195066954383173652e+01
4.196880471281602354e+01
4.210748536358778438e+01
4.224426234813931558e+01
4.228853798418393239e+01
4.229580542507051177e+01
4.233983762956803787e+01
4.238515074966605312e+01
4.239418703125438981e+01
4.240024320826071857e+01
4.240312936539871203e+01
4.241413069366948463e+01
4.245936036609948872e+01
4.247352211494757768e+01
4.254886709800291555e+01
4.263995870889797857e+01
4.273788611951211180e+01
4.276210751781600550e+01
4.279121019364333733e+01
4.287873659589941155e+01
4.289021960064469852e+01
4.296940300667998258e+01
4.298672083775495878e+01
4.298886981057738410e+01
4.306285405340946681e+01
4.317352476356777657e+01
4.318718516308553035e+01
4.322647899839713403e+01
4.326226351861217267e+01
4.327955803484923081e+01
4.334202704929556660e+01
4.336246485586282517e+01
4.359274766446894489e+01
4.361677431528836024e+01
4.369161563924991754e+01
4.372001397618771534e+01
4.372935099172282492e+01
4.375128261291838783e+01
4.383487220812320828e+01
4.392411974168535238e+01
4.395323162668109518e+01
4.396015749092086367e+01
4.399743400425424511e+01
4.402081785869341957e+01
4.415130927473532552e+01
4.416151900998024615e+01
4.419415013878030152e+01
4.424663200703461996e+01
4.425084390044273164e+01
4.426820691642997474e+01
4.436731931299567577e+01
4.439616860542511034e+01
4.440326777888738974e+01
4.448370414478972634e+01
4.450621591607167460e+01
4.451486526789754805e+01
4.456733458657876668e+01
4.468940311584726999e+01
4.471001752319180866e+01
4.473708719592581673e+01
4.480771118995238567e+01
4.483959577921939399e+01
4.488276567703655928e+01
4.496223623539071923e+01
4.497086969401657086e+01
4.502529539736384834e+01
4.502883986848972597e+01
4.503332696624590881e+01
4.514036165581564575e+01
4.516254640138569698e+01
4.518703257303954501e+01
4.518958753607986978e+01
4.523967358704695130e+01
4.526351411316197471e+01
4.537483675153890772e+01
4.541804086447547206e+01
4.546584838441538778e+01
4.552944416164694275e+01
4.555399868515817730e+01
4.571727739299289794e+01
4.579220640231253014e+01
4.581404279820972647e+01
4.588445672099975070e+01
4.589363909925843643e+01
4.592198972193445883e+01
4.596898895799935758e+01
4.604131351074764211e+01
4.605368743189681879e+01
4.612184082545646646e+01
4.618210981887918365e+01
4.619632221304985364e+01
4.620943939716529769e+01
4.621435942427390842e+01
4.631391357147921894e+01
4.632272462178555372e+01
4.632813127167430878e+01
4.634719126163662395e+01
4.634972113202375965e+01
4.637365435193518692e+01
4.638530461278057260e+01
4.639271478470921295e+01
4.643405784410346371e+01
4.643656582786299225e+01
4.654033418089002083e+01
4.656265141948397002e+01
4.659406643250096636e+01
4.662005996551142317e+01
4.670215940939964128e+01
4.677440172650310046e+01
4.680064008558761657e+01
4.685699487473708302e+01
4.688764886258257292e+01
4.688885674621111832e+01
4.691381138443553311e+01
4.692025968834634853e+01
4.693048634740507907e+01
4.693097716068876935e+01
4.695448798964470427e+01
4.699969810774120305e+01
4.703452349882068972e+01
4.703528475366597661e+01
4.705052756074444176e+01
4.705105348872439208e+01
4.709562844115025371e+01
4.727913980200730748e+01
4.728771231313393741e+01
4.731452210159478966e+01
4.732552297630562776e+01
4.733251186503491681e+01
4.735195132168966836e+01
4.736619079385229725e+01
4.738092301793165007e+01
4.740680923705167515e+01
4.741064211412329144e+01
4.741122793203008712e+01
4.742788383863995705e+01
4.743513955569960672e+01
4.744866287672890337e+01
4.748082160383800954e+01
4.756696010394948360e+01
4.757385375539536199e+01
4.759757862479665391e+01
4.763336864761001266e+01
4.765172951977235982e+01
4.767964638021758361e+01
4.778885740325292630e+01
4.784309352494982193e+01
4.789498389750001195e+01
4.795058268008072844e+01
4.803495801000030951e+01
4.805906145651604788e+01
4.808405810659101576e+01
4.813360025342240078e+01
4.826212211842037902e+01
4.837141981657708101e+01
4.850473520974860975e+01
4.861683968302055803e+01
4.863466863577893662e+01
4.866777495056291514e+01
4.868578058859424118e+01
4.870413215245822869e+01
4.880125796058345600e+01
4.880570840027289137e+01
4.881024411325668666e+01
4.888022473462553563e+01
4.890950737415272442e+01
4.905104524949678080e+01
4.905831222900233968e+01
4.908809941164697932e+01
4.913118043215746411e+01
4.914569049304012793e+01
4.918807377907708656e+01
4.923064474860598239e+01
4.930556817987829277e+01
4.933246051492957207e+01
4.938307628980409447e+01
4.940336023108277175e+01
4.941014029735073620e+01
4.943246235146031609e+01
4.958520429004934016e+01
4.961278258784966511e+01
4.962633625287770656e+01
4.964912074845959467e+01
4.967607963704763563e+01
4.968965489047764095e+01
4.969005676793576498e+01
4.969104996238763761e+01
4.971567780968345573e+01
4.977392745890841752e+01
4.988311242996561390e+01
4.991777590300779366e+01
4.994895614346839352e+01
4.999050583401621850e+01
5.006583851827217302e+01
5.006855780454455385e+01
5.014092920749230586e+01
5.019132719887984706e+01
5.021815679299862722e+01
5.025665400358101920e+01
5.026953503815848023e+01
5.031239771851507214e+01
5.032103496122890363e+01
5.039096481860728716e+01
5.041015014195846078e+01
5.043835945656341835e+01
5.046971354115690644e+01
5.053065078622618955e+01
5.057756299200130456e+01
5.074711243269002381e+01
5.078711866780015782e+01
5.080069823606423540e+01
5.081502456629053199e+01
5.089353479711742523e+01
5.093864604640472749e+01
5.094988036079359972e+01
5.116380183601429366e+01
5.117924413261309979e+01
5.129495900840007039e+01
5.130335634390214494e+01
5.131005871808383034e+01
5.134411080857329068e+01
5.148506123146492541e+01
5.149464001079101649e+01
5.168102861884675292e+01
5.173829055163961499e+01
5.180410760020435390e+01
5.183357962119497131e+01
5.193589691177808731e+01
5.193790966075441418e+01
5.195622936779342638e+01
5.199456605400254716e+01
5.201347853393791354e+01
5.201384201400874474e+01
5.209634403096617206e+01
5.217101533617200460e+01
5.222375026127155451e+01
5.230990070411705517e+01
5.235523872699221215e+01
5.235597906535699764e+01
5.243566875885167633e+01
5.243603117748868669e+01
5.253333741568140169e+01
5.253392054270409517e+01
5.253557169478510502e+01
5.253657265737894022e+01
5.258713101820332270e+01
5.269198028166509573e+01
5.276090129168299825e+01
5.280326455126403573e+01
5.282132110708919015e+01
5.285708361218718210e+01
5.290672807882019413e+01
5.304839285619040368e+01
5.313535585369048420e+01
5.319872016486823441e+01
5.323547515998892266e+01
5.324288286271101356e+01
5.327715462455606854e+01
5.336631136127191155e+01
5.369122953178401758e+01
5.370268558460766428e+01
5.373278407158130676e+01
5.376449005963691263e+01
5.377155609118307211e+01
5.390418415253991924e+01
5.395891782775442636e+01
5.401319253035619283e+01
5.410678402472234438e+01
5.427275743077432679e+01
5.430054689161259773e+01
5.443657727872991359e+01
5.443718979366475708e+01
5.453907356794791639e+01
5.454303045672021710e+01
5.459676145957479321e+01
5.467767253653848059e+01
5.468960590376405406e+01
5.473484828527716672e+01
5.486844436905967370e+01
5.489555782790378657e+01
5.492618305928661471e+01
5.493377202957294969e+01
5.497228267172808813e+01
5.501879947751893951e+01
5.515870190625166458e+01
5.523449821292977902e+01
5.524969117648259953e+01
5.538762396359979334e+01
5.539245703967060308e+01
5.540986301270106651e+01
5.542100607735464735e+01
5.542875355151117844e+01
5.547256442498306228e+01
5.566667482796242439e+01
5.567950431827729574e+01
5.588313217065820027e+01
5.592189410344560940e+01
5.595578843660228330e+01
5.597210972157675712e+01
5.606607117493653902e+01
5.606941377625865641e+01
5.625905628418430382e+01
5.636956025418982108e+01
5.649062587156971915e+01
5.649690190313495464e+01
5.652719687821370087e+01
5.658530581351422484e+01
5.667897765930084120e+01
5.669621961099679908e+01
5.672343937739119468e+01
5.676091296316336354e+01
5.687757921605673062e+01
5.688704873587668231e+01
5.700105333290216691e+01
5.706451847304924030e+01
5.714089969057914686e+01
5.730146049769719241e+01
5.735851413681893973e+01
5.739741399907690322e+01
5.753565074553105774e+01
5.757675690737667651e+01
5.762633018608896407e+01
5.765789174458774369e+01
5.774834442576481308e+01
5.781049017526987654e+01
5.784488175881267580e+01
5.795626072745136526e+01
5.796578871133895916e+01
5.802178078054184596e+01
5.806025471382949377e+01
5.815916882984043212e+01
5.827177255341101159e+01
5.838261971113121263e+01
5.843740025544327210e+01
5.843902648357274643e+01
5.847207280768623150e+01
5.848622896358663326e+01
5.849496563456753506e+01
5.865221363040500080e+01
5.870966837339600630e+01
5.889040540031707849e+01
5.894184120551746986e+01
5.897496292747669600e+01
5.898717985946483111e+01
5.942739718188762765e+01
5.945769350771014672e+01
5.946730307706447149e+01
5.953259303061800978e+01
5.956718288343656553e+01
5.958015789304859311e+01
5.972582300018862611e+01
5.984878621655349207e+01
5.989524529896364413e+01
6.015399309087642621e+01
6.024615102240608167e+01
6.045959450156230020e+01
6.046839839228188396e+01
6.047842847555670431e+01
6.054919667591207144e+01
6.059253425205321264e+01
6.062260146510494252e+01
6.064531899853688657e+01
6.065063175390385197e+01
6.067557488044351999e+01
6.070382826186367708e+01
6.073949811889892203e+01
6.082391112499038854e+01
6.082435063875296066e+01
6.088927506996610362e+01
6.090392167196633721e+01
6.093419018276445343e+01
6.128595911466013035e+01
6.137110794729036911e+01
6.143836287438612942e+01
6.163956225311427772e+01
6.171337842938172003e+01
6.173106417544673263e+01
6.182992293550512386e+01
6.185331322701940593e+01
6.188365350052299618e+01
6.195456496446485062e+01
6.199012850581529221e+01
6.214025910303699618e+01
6.224361107515390756e+01
6.229843040413387456e+01
6.231835089673701589e+01
6.280225760711601168e+01
6.293494109813327242e+01
6.300321959006249983e+01
6.303927663027216965e+01
6.313733595176304902e+01
6.327251898605186398e+01
6.333592265058957338e+01
6.341087631333250840e+01
6.344259858394951834e+01
6.346779048263162082e+01
6.352330458741478481e+01
6.360009293970494326e+01
6.371209271417461650e+01
6.376287888768260359e+01
6.385053407133149506e+01
6.389146696585969210e+01
6.392778666012049626e+01
6.401376750312627451e+01
6.405803703425365825e+01
6.407531327496688789e+01
6.411095659576609762e+01
6.412259717044092611e+01
6.420383280166370810e+01
6.427959209517388217e+01
6.436897965552746825e+01
6.441559169502457394e+01
6.448506650876474566e+01
6.448615365800523591e+01
6.450536795254248545e+01
6.454267917173046953e+01
6.461439431980500103e+01
6.462925214959183506e+01
6.462935586254222642e+01
6.463860788897184761e+01
6.464436418967659392e+01
6.464637335668771811e+01
6.480652958953263010e+01
6.516910370471394742e+01
6.518662472793144502e+01
6.525106131661235054e+01
6.536200999904386322e+01
6.540666042323273643e+01
6.542553243539073549e+01
6.562316692685516273e+01
6.563679842787645669e+01
6.572075651164583121e+01
6.578111024388257988e+01
6.613205162093802869e+01
6.618927086207878574e+01
6.620810094853435146e+01
6.621262114233256568e+01
6.624203248484542428e+01
6.640053972413883798e+01
6.650098357683424410e+01
6.652240768727817510e+01
6.672594218163798985e+01
6.672732682991838260e+01
6.676358276706690731e+01
6.679119010595159978e+01
6.683050053426372017e+01
6.696444535157652922e+01
6.700038282527295053e+01
6.700812020752975684e+01
6.704409696494442983e+01
6.706641001480012676e+01
6.708401302197808036e+01
6.712628639599310532e+01
6.729328450482415747e+01
6.729704939289499066e+01
6.737362262152957726e+01
6.738270540864107261e+01
6.750608087408907920e+01
6.761114468907408082e+01
6.761547100137941868e+01
6.763612538960869358e+01
6.764859863303874477e+01
6.775118426867139476e+01
6.777637422511790533e+01
6.787782499437699357e+01
6.788279106116485195e+01
6.803692684085626752e+01
6.811228112098568488e+01
6.811426760355168142e+01
6.815548083537133550e+01
6.818127134905535058e+01
6.823742474866949692e+01
6.835626912883782325e+01
6.835982485710083267e+01
6.837655110998640851e+01
6.840305203939470857e+01
6.842457986013107529e+01
6.842485184371351181e+01
6.852544095316250150e+01
6.860444299697883253e+01
6.864412481932592414e+01
6.864561745629654865e+01
6.896754306641958010e+01
6.900510815002483866e+01
6.917262213549047090e+01
6.924820097733763191e+01
6.935240218805918744e+01
6.939101511567537273e+01
6.939563247233347454e+01
6.944944454474430984e+01
6.962086894063094178e+01
6.973681261960163624e+01
6.987381449296924529e+01
6.998868805105314550e+01
7.012774409302517142e+01
7.020015929299795232e+01
7.021694896745648862e+01
7.028099507627149478e+01
7.034098457664148896e+01
7.034559293543993874e+01
7.049732609135122630e+01
7.076680401427606171e+01
7.078091390536633298e+01
7.079601118702751705e+01
7.096758678583623237e+01
7.103623156699075025e+01
7.134068833902490780e+01
7.140174339125744041e+01
7.142647108688015578e+01
7.145938035883088446e+01
7.146532432333611951e+01
7.153512719189436098e+01
7.154143349300109378e+01
7.176095601171240901e+01
7.182704163767924399e+01
7.189311614703113662e+01
7.197124786417442976e+01
7.229153204692801182e+01
7.232891693237048969e+01
7.236349481827502927e+01
7.261403334141834875e+01
7.269972381421912644e+01
7.291464143291138100e+01
7.299299221412742611e+01
7.303766000593799390e+01
7.317300882340664714e+01
7.320079642814997101e+01
7.337797701150529406e+01
7.339768852363357610e+01
7.348743340474491959e+01
7.355341746073050047e+01
7.364224492465751837e+01
7.364569792254032166e+01
7.375380513248389036e+01
7.384682206686527195e+01
7.398362517271077365e+01
7.400268903956674649e+01
7.405036163897702295e+01
7.423075548316697336e+01
7.428062291732511824e+01
7.441195798618734614e+01
7.447747555165773292e+01
7.457191511147036067e+01
7.462903564626529374e+01
7.469730120021472430e+01
7.472879104779008230e+01
7.473612680728288638e+01
7.474786595368045994e+01
7.478431023854123794e+01
7.487517322794654717e+01
7.505706689446490998e+01
7.518756765175911028e+01
7.518925965545369650e+01
7.519880953183864847e+01
7.525916060688052767e+01
7.534111740440661720e+01
7.535565843379703210e+01
7.549360682427754909e+01
7.557190958277739412e+01
7.558251136264632919e+01
7.568241745562028200e+01
7.581943162770231481e+01
7.588712939637841259e+01
7.595597661753770069e+01
7.618199635268770464e+01
7.635131995477951250e+01
7.641996605983737822e+01
7.648111605385557255e+01
7.652535805231642030e+01
7.679553486282216568e+01
7.699574235423406776e+01
7.699777389542597916e+01
7.703732832952560727e+01
7.739081678567724509e+01
7.740429083319193637e+01
7.743099113633176955e+01
7.793459480357731195e+01
7.833799080312186902e+01
7.845408351730245045e+01
7.862677370796288301e+01
7.897460715892592020e+01
7.904235239675257674e+01
7.916849795872002460e+01
7.917587728164326677e+01
7.925803236459788081e+01
7.935925316262617457e+01
7.937931445797377705e+01
7.953523180910021040e+01
7.955701716060451645e+01
8.000439390416796925e+01
8.007359563786963008e+01
8.008256301020369960e+01
8.029644146702666774e+01
8.029728976591381695e+01
8.039260893076416892e+01
8.045241430095695989e+01
8.067636570748439340e+01
8.078807195629124749e+01
8.079000033253636559e+01
8.093955867065275811e+01
8.107405419203462316e+01
8.114798871706530292e+01
8.144171089563380406e+01
8.152829333613493645e+01
8.174508927118937152e+01
8.195372793292035851e+01
8.195554739419949897e+01
8.200737416307180183e+01
8.210269963555504091e+01
8.225018866702167486e+01
8.225485323082010325e+01
8.242165952483932756e+01
8.246253008807181573e+01
8.252916904945288934e+01
8.295598281118041939e+01
8.307771026704685369e+01
8.313780242249234220e+01
8.338403618484535684e+01
8.387298869620791208e+01
8.400695884800758506e+01
8.404295201614581856e+01
8.437993022678440980e+01
8.468869976919714304e+01
8.477338389090397186e+01
8.484846596460960200e+01
8.486827146115490450e+01
8.505460515468398341e+01
8.506344499527671132e+01
8.518459181112469025e+01
8.521207552477225988e+01
8.533421510036700397e+01
8.541431103377618683e+01
8.553918348385903414e+01
8.572427597347967776e+01
8.578294162302148607e+01
8.597882882287667883e+01
8.610401660278752445e+01
8.613718065492507492e+01
8.614018621396228070e+01
8.631588557013091645e+01
8.635655158407148235e+01
8.644763262253293590e+01
8.649434037967574795e+01
8.693441361878029738e+01
8.703782123959663863e+01
8.706061484111218363e+01
8.727622076516033189e+01
8.824061238988129219e+01
8.847931409567355843e+01
8.856681247092700460e+01
8.867786633378342742e+01
8.894010735291548997e+01
8.912054789949492317e+01
8.919860314582020067e+01
8.925540842296439337e+01
8.949257466804559158e+01
8.971770116056742950e+01
8.995192533394343570e+01
9.042581501906971653e+01
9.067080728640374332e+01
9.067501766414457620e+01
9.073436037436673018e+01
9.105834261353928127e+01
9.109932548216129078e+01
9.132045973686585683e+01
9.144682810114642280e+01
9.159656634471855341e+01
9.170338113652199752e+01
9.171601324782520237e+01
9.181667937761771725e+01
9.193973406303408069e+01
9.197219151317084140e+01
9.209150049483478995e+01
9.226788852445713474e+01
9.233443317359484581e+01
9.238879824385300310e+01
9.245361270987513080e+01
9.261981183603042211e+01
9.311837027094694008e+01
9.333923699260651574e+01
9.335895903474423108e+01
9.344055858610417431e+01
9.353297111057968038e+01
9.362348996659332556e+01
9.381559167968967472e+01
9.402074431605355187e+01
9.402333024198273392e+01
9.413331684732692395e+01
9.420362792310537259e+01
9.422858817183728775e+01
9.494836190227438522e+01
9.504238866792937301e+01
9.508119146850755499e+01
9.512025228323190618e+01
9.524379578523037537e+01
9.525908813412802090e+01
9.528446842234917824e+01
9.553414420055885614e+01
9.557414536078593414e+01
9.586460861123131849e+01
9.598698757729052033e+01
9.672189896241923179e+01
9.675673538399553308e+01
9.687734943471021154e+01
9.692174047805677617e+01
9.700136503731889093e+01
9.716350905860986131e+01
9.764776137602615336e+01
9.777125402355743233e+01
9.786630864733716351e+01
9.792769621234081967e+01
9.839784335613256872e+01
9.841648001567021709e+01
9.878102716557405927e+01
9.901058655353972426e+01
9.906588947422582692e+01
9.917299245114995188e+01
9.919476685464135812e+01
9.928212299527838525e+01
9.938561539126806110e+01
9.944155854719814158e+01
9.952424141247462330e+01
9.962130895532568786e+01
1.000780310771514792e+02
1.003288478971723805e+02
1.007445042359805143e+02
1.008272855334220992e+02
1.009793187260570591e+02
1.011698481710194102e+02
1.013292579549760006e+02
1.013505030144615233e+02
1.014471566451071709e+02
1.017258075201029612e+02
1.021729657381973198e+02
1.022214417132062749e+02
1.023172289682846952e+02
1.023274451266493941e+02
1.026064399682147439e+02
1.026513806795945101e+02
1.029678143275956899e+02
1.030723906136211525e+02
1.031039485593041292e+02
1.032676151676436689e+02
1.032903899821296392e+02
1.033715207770016065e+02
1.033961888221834187e+02
1.035950446293560816e+02
1.038520232765555704e+02
1.039476978837575842e+02
1.042259126758706458e+02
1.043397805599102526e+02
1.043784390065538474e+02
1.044044984960527671e+02
1.044397572131533138e+02
1.044574015866619732e+02
1.046171544046786153e+02
1.050181187328277019e+02
1.050862340606025214e+02
1.052170260855194357e+02
1.052385573811873485e+02
1.053398242091326864e+02
1.053608947397766826e+02
1.054853338383914547e+02
1.056164349253176056e+02
1.058296001519718317e+02
1.059529547471526740e+02
1.063678406962713439e+02
1.063903219413302281e+02
1.064060845502179404e+02
1.065495195021258752e+02
1.065591613661553367e+02
1.068928661535184119e+02
1.069837114291860871e+02
1.071164207278479807e+02
1.075390156012614682e+02
1.083922330303105355e+02
1.084512904884461477e+02
1.085726304268436593e+02
1.086134754053553308e+02
1.087543023028904940e+02
1.103540244928404803e+02
1.105391987707597110e+02
1.110280749895251802e+02
1.113534033286144336e+02
1.117747719984217980e+02
1.122455787794501418e+02
1.124801000074919983e+02
1.126534288860522111e+02
1.126761825831451915e+02
1.131549179730486117e+02
1.135230044154095879e+02
1.141893952638296241e+02
1.142520686894985147e+02
1.148024331346208839e+02
1.149015915157151397e+02
1.154594338536545877e+02
1.160427911241470156e+02
1.162661426110649074e+02
1.168151507517790009e+02
1.170895040592469627e+02
1.172866955586902833e+02
1.182328836637760503e+02
1.185228137070811272e+02
1.188502279214169448e+02
1.190044494650049103e+02
1.196410157800276579e+02
1.204556654558434161e+02
1.208462624110892278e+02
1.214869971627346388e+02
1.222156869742840968e+02
1.227103203563108025e+02
1.227482296158063946e+02
1.230669097616469969e+02
1.234644015613810950e+02
1.236272851365092862e+02
1.237449453288709265e+02
1.240326581712780154e+02
1.248056128339172233e+02
1.255310002963056775e+02
1.255358744061998379e+02
1.255893546321157714e+02
1.256468189582075610e+02
1.273472301135751792e+02
1.284671733752362854e+02
1.284736340535840782e+02
1.287812122491920661e+02
1.292232078595851590e+02
1.297189629460847584e+02
1.305028754231468042e+02
1.318288555535883120e+02
1.326750212348871401e+02
1.326848025094049603e+02
1.329316788333452450e+02
1.330065927181753693e+02
1.337283195999743270e+02
1.342239576870028657e+02
1.345035414101284914e+02
1.355571807278326730e+02
1.367103843942487345e+02
1.368717417376977892e+02
1.371862748659141857e+02
1.377003142434864174e+02
1.389660566521795317e+02
1.393547181393848291e+02
1.425734531612563387e+02
1.429817310212612256e+02
1.442236865449172001e+02
1.445203541444637949e+02
1.452358946350500162e+02
1.466013765494587062e+02
1.481246833665204576e+02
1.490355802743835341e+02
1.493048632005630623e+02
1.494201879414860059e+02
1.505960913906706651e+02
1.510339570703488050e+02
1.513812872563818530e+02
1.541113846413819033e+02
1.549838169315634673e+02
1.568001806132870115e+02
1.602369173084575493e+02
1.608813536066178642e+02
1.635466281848448773e+02
1.639216853586560205e+02
1.670325518884749272e+02
1.673912596200299561e+02
1.726222224185857215e+02
1.745591183755929023e+02
1.747211858060115901e+02
