1.469999999999999918e-01
1.529999999999999971e-01
1.539999999999999980e-01
1.549999999999999989e-01
2.849999999999999756e-01
2.849999999999999756e-01
3.059999999999999942e-01
4.420000000000000040e-01
4.660000000000000253e-01
4.709999999999999742e-01
4.869999999999999885e-01
4.989999999999999991e-01
5.709999999999999520e-01
5.809999999999999609e-01
7.359999999999999876e-01
7.630000000000000115e-01
7.910000000000000364e-01
9.589999999999999636e-01
9.689999999999999725e-01
1.209999999999999964e+00
1.383000000000000007e+00
1.417000000000000037e+00
1.546999999999999931e+00
1.568000000000000060e+00
2.021999999999999797e+00
2.047000000000000153e+00
2.047000000000000153e+00
2.104999999999999982e+00
2.345000000000000195e+00
2.726999999999999869e+00
3.427000000000000046e+00
3.619000000000000217e+00
3.641999999999999904e+00
4.459999999999999964e+00
5.128999999999999559e+00
9.657999999999999474e+00
1.102100000000000080e+01
2.139900000000000091e+01
