1.609114110000000042e-01
3.229946519999999932e-01
3.729838710000000224e-01
1.120378295000000080e+00
1.145932053999999978e+00
1.499773959999999962e+00
1.741000346000000087e+00
3.389551470999999871e+00
4.030929872999999830e+00
5.308519188000000000e+00
5.785363802000000000e+00
6.384687954000000332e+00
7.466907105999999850e+00
8.302635504999999583e+00
8.396263079000000573e+00
8.993836147999999753e+00
1.154093351999999939e+01
1.385874824000000061e+01
1.409087487999999944e+01
1.489191418999999961e+01
2.148002188999999973e+01
2.321995069999999828e+01
2.487072825999999992e+01
2.606290167999999952e+01
2.652356208999999865e+01
2.668419232000000108e+01
2.726251836000000139e+01
2.754454481999999871e+01
2.911725347000000141e+01
3.444742401999999970e+01
3.553268274999999932e+01
3.677103718000000043e+01
3.859367893999999666e+01
3.998169418999999891e+01
4.182989064000000212e+01
5.073014354000000026e+01
5.079855941999999658e+01
5.193885473999999647e+01
