5.387919220978411479e-03
6.449446040888946047e-03
6.504256681229623853e-03
6.526457682481385907e-03
6.596789990829545619e-03
6.604803941549374294e-03
6.656797554366296679e-03
6.915483930894570676e-03
7.168489508488755553e-03
7.246219513960220661e-03
7.248709879243824331e-03
7.272964116399102848e-03
7.328054352067481583e-03
7.359593302161822684e-03
7.516531769345862098e-03
7.543283724089628987e-03
7.543862992501280083e-03
7.622235303472071899e-03
7.636741631655790015e-03
7.687686293082801950e-03
7.691007367627200088e-03
7.788914034591954381e-03
7.829348631324728469e-03
7.840369422863180046e-03
7.863308740623763116e-03
7.962351868833641641e-03
7.972450718227632599e-03
8.052736018585304745e-03
8.055475393127063330e-03
8.161827028148790561e-03
8.170663647963346057e-03
8.178860006034377461e-03
8.194869191116511964e-03
8.209039113521084466e-03
8.276195029965622077e-03
8.286629199340993582e-03
8.328292282015026943e-03
8.334278133764616223e-03
8.359396611383868719e-03
8.374901270050191110e-03
8.386036817176647021e-03
8.394702249336095587e-03
8.396350195942037242e-03
8.463230437654260460e-03
8.531742428770758627e-03
8.571662823646172824e-03
8.573096001041200648e-03
8.586492840710743465e-03
8.648366877151397736e-03
8.664051187163771331e-03
8.707772451496538849e-03
8.716173980156224216e-03
8.726441628226883421e-03
8.743516683936544340e-03
8.765802247017289925e-03
8.839619044047253640e-03
8.851689824782989560e-03
8.855753612722361626e-03
8.857882189364020206e-03
8.869998637932682839e-03
8.871544074851257441e-03
8.886046803371966049e-03
8.891769186278644307e-03
8.913074119419368488e-03
8.927387742321152633e-03
8.961466045728025062e-03
8.967888046707121058e-03
8.968584181639661576e-03
8.984479651608565792e-03
8.987918601293925364e-03
8.989232203729592002e-03
9.000775166261772500e-03
9.013158136724323116e-03
9.045007918967890373e-03
9.084896783952198587e-03
9.085894380291040587e-03
9.112369219753033850e-03
9.113905904917719153e-03
9.120777321556295530e-03
9.129503813683869165e-03
9.144184347475964314e-03
9.164093507469772693e-03
9.310419477065552327e-03
9.318971549763950188e-03
9.350507840520298417e-03
9.357668256118698707e-03
9.360544273580021640e-03
9.363847279345619348e-03
9.369156758923890757e-03
9.388926174003673145e-03
9.399283515411072792e-03
9.414654018918618139e-03
9.430202855305481330e-03
9.432767250839907761e-03
9.434968711950960166e-03
9.443969687665421109e-03
9.452286591468890206e-03
9.459335550079486440e-03
9.459625748480096630e-03
9.475183748434912873e-03
9.493413342140277073e-03
9.509773294347099656e-03
9.518841037975806635e-03
9.521865510305954627e-03
9.523819550881497745e-03
9.531379012625074143e-03
9.535826559126190510e-03
9.537166827730807206e-03
9.550398818086473438e-03
9.560147045496934087e-03
9.564794820151137703e-03
9.569190438497276671e-03
9.601361925388315552e-03
9.603999428485632608e-03
9.636474059587514518e-03
9.653769047094895236e-03
9.657257152666690742e-03
9.673046671276559760e-03
9.680743584055809259e-03
9.682427336232922108e-03
9.706538487351692654e-03
9.709663400675217285e-03
9.732066281381729703e-03
9.781927541760902789e-03
9.791587031084188208e-03
9.810868357780297075e-03
9.829685227410220327e-03
9.859891009948214963e-03
9.918981026565933806e-03
9.951227529954479595e-03
9.954921920548837067e-03
9.957244977077683162e-03
9.986136274282733302e-03
1.000780931446872656e-02
1.001514826385667585e-02
1.001612345293319273e-02
1.001730199076321902e-02
1.003030168434426543e-02
1.003209828205023010e-02
1.009395144415996086e-02
1.010060461400746727e-02
1.010451073352681278e-02
1.011527380024475516e-02
1.012238245674017267e-02
1.012536289616256142e-02
1.012879413796361101e-02
1.013390594950445978e-02
1.014130809475766518e-02
1.017352425937329344e-02
1.019768482566999097e-02
1.020321762339961545e-02
1.021134790030287995e-02
1.025439602361164979e-02
1.026425760261569058e-02
1.027626849985999007e-02
1.027893805589351513e-02
1.028214591731968670e-02
1.029876589438831480e-02
1.030457858343997342e-02
1.032915458770460385e-02
1.033909991413462306e-02
1.035289904415894954e-02
1.036863551675650842e-02
1.036952613620184538e-02
1.038972459054282420e-02
1.039360209715315189e-02
1.040643874996845936e-02
1.041564832560820317e-02
1.045630016788268862e-02
1.046472338161931991e-02
1.047188893089321012e-02
1.047601927359467083e-02
1.049111872979013350e-02
1.049366091690072215e-02
1.050016562733061855e-02
1.051056985383905761e-02
1.051335779481830761e-02
1.051425054610591152e-02
1.051951383279603990e-02
1.052682749500194470e-02
1.053789963201699591e-02
1.056570362781090143e-02
1.057120280999659760e-02
1.057687401840227623e-02
1.058438397428640432e-02
1.060194037070185703e-02
1.060412947645653949e-02
1.062359517143629355e-02
1.063379857862060615e-02
1.064188814723815955e-02
1.066319404811588191e-02
1.070839493300544329e-02
1.072412176542949028e-02
1.077450164711353520e-02
1.079427408007238576e-02
1.079499597340127445e-02
1.079979281760883904e-02
1.080614896002107805e-02
1.081999573850754744e-02
1.084935973027873791e-02
1.085176092317923988e-02
1.085218754579185887e-02
1.086471472837276069e-02
1.091686879427519741e-02
1.094280209914602967e-02
1.094738575614305140e-02
1.097827067122441116e-02
1.097843976148840141e-02
1.099623976626353666e-02
1.099903898899349218e-02
1.102137619943451344e-02
1.102910873338799544e-02
1.108254373028992254e-02
1.109220351116727357e-02
1.111848345125924543e-02
1.113349734841412655e-02
1.113878490271091176e-02
1.116733851044755463e-02
1.117649572266487569e-02
1.117673491531810670e-02
1.118023782582971970e-02
1.119078224285071678e-02
1.119314113052323305e-02
1.119408125239207234e-02
1.122315445914449580e-02
1.122852578200562307e-02
1.123294935240933164e-02
1.124314080694008115e-02
1.125982694270707789e-02
1.126622270909912772e-02
1.129851648336063774e-02
1.131334873733914545e-02
1.132306051869876214e-02
1.132328014580384970e-02
1.132532719959271870e-02
1.132939100999572589e-02
1.133429572016795943e-02
1.135297048675020654e-02
1.135570722910571491e-02
1.136271295625528727e-02
1.137814206759603028e-02
1.139050304818521771e-02
1.139776672016150176e-02
1.143614774128588231e-02
1.144958187689101847e-02
1.148119213241690674e-02
1.148677969700591731e-02
1.151608683345285017e-02
1.151609706563545485e-02
1.156174832237542166e-02
1.157848312281173526e-02
1.158010798058408189e-02
1.158346689702506593e-02
1.160825357317701000e-02
1.164432864629143249e-02
1.164948160661241801e-02
1.167517830076070066e-02
1.169432173946221079e-02
1.169751840544304769e-02
1.171773295091525086e-02
1.174564803223738900e-02
1.177241869678556305e-02
1.179276860552190033e-02
1.180588012210222193e-02
1.181700055824914421e-02
1.182281088923701692e-02
1.183517457515654778e-02
1.184203135386750066e-02
1.184732726808112972e-02
1.187051112385676538e-02
1.190874074081711177e-02
1.191690554542719840e-02
1.194241303072945265e-02
1.194934082913333938e-02
1.198486627801404608e-02
1.200365267105407002e-02
1.201259737981626684e-02
1.202102203287898699e-02
1.203266620097934517e-02
1.203968153053759996e-02
1.205616335691352820e-02
1.208859602906662244e-02
1.210666444681026896e-02
1.211514048739341029e-02
1.213494105467838140e-02
1.214050864295987582e-02
1.214083147304916184e-02
1.216846165549825484e-02
1.219351958628405938e-02
1.219617019361967335e-02
1.219735432974943662e-02
1.220873054481650538e-02
1.221112491039895616e-02
1.222656684948575552e-02
1.223437132235293164e-02
1.224639775433116785e-02
1.226810382479498647e-02
1.226814380982829515e-02
1.231546892729127977e-02
1.231830661948149150e-02
1.232040321981188284e-02
1.235515518995097296e-02
1.236086316570945975e-02
1.236711667383990840e-02
1.237562778750787851e-02
1.237598552416207046e-02
1.237789559163737785e-02
1.239238892651924571e-02
1.239398479235653654e-02
1.242561851707243634e-02
1.243644935784466408e-02
1.243897821225050347e-02
1.249942857427406399e-02
1.252917412623611761e-02
1.254677484123941852e-02
1.255346792773181543e-02
1.256535667678301306e-02
1.257234574910608312e-02
1.258180161070736325e-02
1.258577024606536733e-02
1.259221151622223582e-02
1.259380202156400522e-02
1.259519922198416506e-02
1.260992165235715751e-02
1.261126686621934397e-02
1.261767915916709934e-02
1.262132772689578304e-02
1.262280835483447008e-02
1.262320574505074872e-02
1.262378254931622625e-02
1.263229669224618344e-02
1.263323534735797879e-02
1.263521910624855644e-02
1.263879498133359952e-02
1.264447420840208308e-02
1.267250655677132354e-02
1.272229196107517966e-02
1.274886901713266282e-02
1.276033980008308387e-02
1.276446043193345779e-02
1.277858592991794155e-02
1.278186047934367665e-02
1.279401936516590815e-02
1.279431358069350183e-02
1.279441849795722591e-02
1.280020327421270768e-02
1.280602487180701465e-02
1.281484676944437233e-02
1.282702327316674086e-02
1.283636461477966756e-02
1.283922446602538819e-02
1.284677784265705197e-02
1.284841603833987086e-02
1.284953117409504131e-02
1.285001394097023096e-02
1.289482050075498910e-02
1.289579211890514061e-02
1.289754567605946173e-02
1.294432368222984270e-02
1.294587418699631731e-02
1.295814806173868627e-02
1.296595464128937752e-02
1.296633530555797373e-02
1.297270782930107572e-02
1.297327926934674878e-02
1.297889004618991114e-02
1.299670957610110124e-02
1.300089501940223866e-02
1.301767225741918069e-02
1.302308381994365417e-02
1.302836409197694230e-02
1.303266420457800667e-02
1.304575720697303924e-02
1.305612411212844770e-02
1.305757132544024986e-02
1.306702879317763605e-02
1.306979935775337380e-02
1.307550838167003890e-02
1.308348800607959592e-02
1.311043607486122448e-02
1.316010187975460641e-02
1.316133894227080291e-02
1.316562558734247178e-02
1.317533585842582677e-02
1.319637514699244576e-02
1.319792764299181770e-02
1.319950562365774897e-02
1.322483978476170913e-02
1.323621975656432900e-02
1.324334538755400810e-02
1.326968508957404418e-02
1.330280049373466951e-02
1.334325053879131286e-02
1.335666423810345782e-02
1.336656510926182567e-02
1.337834751352203790e-02
1.338338449886130460e-02
1.339281925205552774e-02
1.342038793686822599e-02
1.343742684179136636e-02
1.344585324706444943e-02
1.344808661050035659e-02
1.346661912146101571e-02
1.352785858345362593e-02
1.353268083617382815e-02
1.354393377355899569e-02
1.356400377674448453e-02
1.357162599770435699e-02
1.365875460643911458e-02
1.371135031648226983e-02
1.371251934970216940e-02
1.371825776846969519e-02
1.371837627155747356e-02
1.373676170646536202e-02
1.379060316169915777e-02
1.379340248575044482e-02
1.380136304811336971e-02
1.380173073313400826e-02
1.380720640542166568e-02
1.381859369650658038e-02
1.382515825100874562e-02
1.384549767739720952e-02
1.389232039523397716e-02
1.390373035037918877e-02
1.391471908374270622e-02
1.391950748081868111e-02
1.392196298064649930e-02
1.394309934500742414e-02
1.395460373787378756e-02
1.396581456310129997e-02
1.399251446859687414e-02
1.399891220923373675e-02
1.400184006969035569e-02
1.401046009750698228e-02
1.402104717603433817e-02
1.408666572710769692e-02
1.409371083797126244e-02
1.411071594342604846e-02
1.411474510160786767e-02
1.412180445281653596e-02
1.413198935740477870e-02
1.414013241823644691e-02
1.416759112622483809e-02
1.416801510819643527e-02
1.417243102884017600e-02
1.418511644923393933e-02
1.420758436502856173e-02
1.421418111895992979e-02
1.422742205968690991e-02
1.424437040039864405e-02
1.424509872008689927e-02
1.425156321329985182e-02
1.426773540945031581e-02
1.430534150427213713e-02
1.430683644958100249e-02
1.433437109999355884e-02
1.434021832266233094e-02
1.438326470905006149e-02
1.438522395343896747e-02
1.442143666191585648e-02
1.442955079819075413e-02
1.443065525511309788e-02
1.443972346859587197e-02
1.445305666416402471e-02
1.445505240786357747e-02
1.446184616237662993e-02
1.447375583381643911e-02
1.447692130024397401e-02
1.448887056282638711e-02
1.450531330968786795e-02
1.450682903560091691e-02
1.451722619545686710e-02
1.454040373591024629e-02
1.454543232681101798e-02
1.456723678338938711e-02
1.458869526697974955e-02
1.459092315018593183e-02
1.461435313673895529e-02
1.462764864815941333e-02
1.463895447389051106e-02
1.464013763177410797e-02
1.464228131260404339e-02
1.464626584906076300e-02
1.464738846656168589e-02
1.466885098327490485e-02
1.471683465805575901e-02
1.472881762417880581e-02
1.474198827857299728e-02
1.475374515259962084e-02
1.476415538547669326e-02
1.478745907586107716e-02
1.479273737535894036e-02
1.479946175215409582e-02
1.483553541395993616e-02
1.483669528479829997e-02
1.485768628596199382e-02
1.485961776853440310e-02
1.486681119696365780e-02
1.488160947259190882e-02
1.492297157741762775e-02
1.493182596247031105e-02
1.493824175516678641e-02
1.494022308851214453e-02
1.494520584772792218e-02
1.494961541452632416e-02
1.496159775118536400e-02
1.496370123346260628e-02
1.497048080790233833e-02
1.497667035825103569e-02
1.499397902243982360e-02
1.503518897260918211e-02
1.509777962369881349e-02
1.511464158311907370e-02
1.521218849488303361e-02
1.522375613155207280e-02
1.524715633755200500e-02
1.526585295087353605e-02
1.526867964704469241e-02
1.527415671049080041e-02
1.528784144052786759e-02
1.529655100783203041e-02
1.530272118116839108e-02
1.530575529287314315e-02
1.532941962519210506e-02
1.536665802564749633e-02
1.539953241792065518e-02
1.542950806463731263e-02
1.547299647838678953e-02
1.547500449543166498e-02
1.549961892056327811e-02
1.550509689121549496e-02
1.550557789596808574e-02
1.554312872692392190e-02
1.555062189127411239e-02
1.558162679159368763e-02
1.558376541314171818e-02
1.558585172527762221e-02
1.563388531520736383e-02
1.564428831664179537e-02
1.569649879270447121e-02
1.569686446892175347e-02
1.570530205132381410e-02
1.571072003969050529e-02
1.574652912928199353e-02
1.575440333908982582e-02
1.577507280093682143e-02
1.578057519166305156e-02
1.578067107971018596e-02
1.581721577320277169e-02
1.582113226603962253e-02
1.583312999972033910e-02
1.585120669160333673e-02
1.587095680886169147e-02
1.588033713354936038e-02
1.589893217154032465e-02
1.590024496689228933e-02
1.590805658829147137e-02
1.591654982123823919e-02
1.592015814569730514e-02
1.592279620879106378e-02
1.592762823435198150e-02
1.592940952833968998e-02
1.598104534280492955e-02
1.603694089419381921e-02
1.603759940041336526e-02
1.604832644162627886e-02
1.605564819031426657e-02
1.607557290853478885e-02
1.609802406061320093e-02
1.610913628609545942e-02
1.612991721956720872e-02
1.613786762406123690e-02
1.616668655581473407e-02
1.617769419935686029e-02
1.619819536848524089e-02
1.620066729019221247e-02
1.621175400726674806e-02
1.621818621763435747e-02
1.624788089935945076e-02
1.625500804786547682e-02
1.625903163068928223e-02
1.629578220891299625e-02
1.629817966786014510e-02
1.630318071921382089e-02
1.632755926353593803e-02
1.633834401591768501e-02
1.635092804192295537e-02
1.635797734013765339e-02
1.637238126960086082e-02
1.637670123965904653e-02
1.642052783377228806e-02
1.643499412407313509e-02
1.646595540256245646e-02
1.647807911349977172e-02
1.652277960018672803e-02
1.656601349894281858e-02
1.657770106589524783e-02
1.658409508819472938e-02
1.658558183366145092e-02
1.662628611860191008e-02
1.664591561606399220e-02
1.669342426467504414e-02
1.677904543616689712e-02
1.678014308434407423e-02
1.680261514968416428e-02
1.681217834720960883e-02
1.681661421149770533e-02
1.682268909761009193e-02
1.685272445601584956e-02
1.686143594771376611e-02
1.686891946901556208e-02
1.687703814323667298e-02
1.690644524640068022e-02
1.691697711065259097e-02
1.693860993817914232e-02
1.696161997268427063e-02
1.701802742437757976e-02
1.703609289188226517e-02
1.704340016282103812e-02
1.714610170316856544e-02
1.714861344176980135e-02
1.717839757689306607e-02
1.719847899471338426e-02
1.722360490754446319e-02
1.722552271096884288e-02
1.727006744122122628e-02
1.728445341553313391e-02
1.736163918377034432e-02
1.736761568610450945e-02
1.739186018859866303e-02
1.739295970919288795e-02
1.740526981229289713e-02
1.741620644996753203e-02
1.742405217919963667e-02
1.745910728911140991e-02
1.745932320120610962e-02
1.746536525639369453e-02
1.747615997725122244e-02
1.748162811677563683e-02
1.749870386018183635e-02
1.761226224766187717e-02
1.767250268312235001e-02
1.769035018013512608e-02
1.770093759065392847e-02
1.772464787743290027e-02
1.774230580746655184e-02
1.782690636726142613e-02
1.784971209174474743e-02
1.785335487650394765e-02
1.790497665058695190e-02
1.791426578332094149e-02
1.792590961530212204e-02
1.793665466353916091e-02
1.795881613537007176e-02
1.796132483006089922e-02
1.804783774143362343e-02
1.805235274734626541e-02
1.806482483848797713e-02
1.813494436961167813e-02
1.814256574064299771e-02
1.815251919038892922e-02
1.819266592408351826e-02
1.819494363221274905e-02
1.821158498399069389e-02
1.822862192289323099e-02
1.825327066568163681e-02
1.826902594652630302e-02
1.828246125986199982e-02
1.828553336605927976e-02
1.832917178931253374e-02
1.834409952545675709e-02
1.834630053072730874e-02
1.836296695722284752e-02
1.839031874427333318e-02
1.839504694130250986e-02
1.839780869855154113e-02
1.841519174994989475e-02
1.842028676800216633e-02
1.842140604473561927e-02
1.844572583154443710e-02
1.845191250672804234e-02
1.846127715729431462e-02
1.847129479830559445e-02
1.850103036598528886e-02
1.850118397898658368e-02
1.850467841592218915e-02
1.852524210724184120e-02
1.856563010174617015e-02
1.856888669956440960e-02
1.862078060966448900e-02
1.862796133877973534e-02
1.863622803149275059e-02
1.865556695141219398e-02
1.867865361615795097e-02
1.873069479245078814e-02
1.876395490017937484e-02
1.877285948446875269e-02
1.877525566409965485e-02
1.879623479074216813e-02
1.882224720991420436e-02
1.883367235399508594e-02
1.894362947288215360e-02
1.894632878191242903e-02
1.897529956398459963e-02
1.902660537254302967e-02
1.905345684434534698e-02
1.905352182153752585e-02
1.907062048467300652e-02
1.907204640299322088e-02
1.908502919103814005e-02
1.913180692416538431e-02
1.916961336296824081e-02
1.919312157560223303e-02
1.920577321362980025e-02
1.920632955144320128e-02
1.920791859281495775e-02
1.932000816237638974e-02
1.934332018981289869e-02
1.939281938659608365e-02
1.949015513579828093e-02
1.949069965063406074e-02
1.949835363659350659e-02
1.956614785242014043e-02
1.957392593609492970e-02
1.958965568854295278e-02
1.959269536777582740e-02
1.961241326426970896e-02
1.962320257381947736e-02
1.963719174811305937e-02
1.965222826370927392e-02
1.965857224349586846e-02
1.970426224541733592e-02
1.973342219591489935e-02
1.974834997876608739e-02
1.977657851583630375e-02
1.981304503713486945e-02
1.981333670050386755e-02
1.984517256532291815e-02
1.985446241988527913e-02
1.986218877759099791e-02
1.987120167468079887e-02
1.987260815265706401e-02
1.991074535695478917e-02
1.994394891710778162e-02
1.996727980667223346e-02
2.010844941485947016e-02
2.017878864844950548e-02
2.018911692232987568e-02
2.019174519729911854e-02
2.021361853757006055e-02
2.023929920037845220e-02
2.024988361625100486e-02
2.028683121944514084e-02
2.029402260975587610e-02
2.029877581722626390e-02
2.035258914087607549e-02
2.040553562728267961e-02
2.042918199586699068e-02
2.044890671753636299e-02
2.045004937991362973e-02
2.052343351620044068e-02
2.053507225078410672e-02
2.053605777540096558e-02
2.054022943430870718e-02
2.056174632161384547e-02
2.058489983032238402e-02
2.060134718728176204e-02
2.066947393418021653e-02
2.079906929100639248e-02
2.080074740472246872e-02
2.082346874955260177e-02
2.084497279179394619e-02
2.087806472289658113e-02
2.100817511774032489e-02
2.103124142923338755e-02
2.106149615103932587e-02
2.114161230577774747e-02
2.114728848612581688e-02
2.116362695802995880e-02
2.120588115843401178e-02
2.124812033762430927e-02
2.128465937235522742e-02
2.129236324684616669e-02
2.129320523941628102e-02
2.130106391505428784e-02
2.131138767343947193e-02
2.131795615258547799e-02
2.135967976048899070e-02
2.137752251589954133e-02
2.142426889820236643e-02
2.143532912424275100e-02
2.148981288558917541e-02
2.152200564518453457e-02
2.156267263704744752e-02
2.156740285623260506e-02
2.161678557380912122e-02
2.163336933082245922e-02
2.166844672999512431e-02
2.169995174994306109e-02
2.175693997876556804e-02
2.192650111601666951e-02
2.194706398030272371e-02
2.196274363161391033e-02
2.198381551493108071e-02
2.202374199660861454e-02
2.209941224295618178e-02
2.213784255314709543e-02
2.216453010418246300e-02
2.217618542553797048e-02
2.221690502367549766e-02
2.221881280256451929e-02
2.223904601418136978e-02
2.228950073015961361e-02
2.247070878485595349e-02
2.255288502776360907e-02
2.258142838369909394e-02
2.260085424689582678e-02
2.271766779153048393e-02
2.279814303923769631e-02
2.279989165751419161e-02
2.289443128464016888e-02
2.291238372086688846e-02
2.298621608157295007e-02
2.302126992408947900e-02
2.302497270898152398e-02
2.308795684049765040e-02
2.311131882338533089e-02
2.313045319638099701e-02
2.314010857232686597e-02
2.323159840535338541e-02
2.327145777717329334e-02
2.335388489440246712e-02
2.338761689170995237e-02
2.346264789970265927e-02
2.356025689085524885e-02
2.357365124881456026e-02
2.357881314989472218e-02
2.368973797264343692e-02
2.382487097582777769e-02
2.389662896491961258e-02
2.396758886252521939e-02
2.397516846681545244e-02
2.401144123772681535e-02
2.401605852183099493e-02
2.412355812806100952e-02
2.417003847639508443e-02
2.420459152284187496e-02
2.422510331159507396e-02
2.422678912029705561e-02
2.433518693370994787e-02
2.435967000402905133e-02
2.440698823916199675e-02
2.443265583725627924e-02
2.449256747877489107e-02
2.451593991524286115e-02
2.451775372781979379e-02
2.455959703133243910e-02
2.465030753618803125e-02
2.478888507408649744e-02
2.480786967226361953e-02
2.482054546744346529e-02
2.483237266220452572e-02
2.492639791443780617e-02
2.494263478528200781e-02
2.498778808085655792e-02
2.499204397576186565e-02
2.503180543582916168e-02
2.504933712228494050e-02
2.506186834047174558e-02
2.523959795833690886e-02
2.536297187701536116e-02
2.539507507496779198e-02
2.546608138095893606e-02
2.569698968799591712e-02
2.585824306661788433e-02
2.588870039270244755e-02
2.595734569218407367e-02
2.597201930984774018e-02
2.598354146365752446e-02
2.627663699671350939e-02
2.627842626040815047e-02
2.630832845952801868e-02
2.635553049441845264e-02
2.639406574074004697e-02
2.663093291323722148e-02
2.668135318296711508e-02
2.679777604608571742e-02
2.688613013229321572e-02
2.689992614616616359e-02
2.690126760382452811e-02
2.694357980567854693e-02
2.698135597189151372e-02
2.702134440576908422e-02
2.706099873549993803e-02
2.714221539721936582e-02
2.733021392261778676e-02
2.747622058254470950e-02
2.760974454989081200e-02
2.772411732454828706e-02
2.780853848804652403e-02
2.782258835695182800e-02
2.788905812477680823e-02
2.805363635360422214e-02
2.810661681737753465e-02
2.814803744876689245e-02
2.826480177290208867e-02
2.856194658999171299e-02
2.859806846503000141e-02
2.860904844456287760e-02
2.864785937489753090e-02
2.870528870370253616e-02
2.875938029158991299e-02
2.890231419967837292e-02
2.895362285134506913e-02
2.898685330752519967e-02
2.902127036628810927e-02
2.902829442368251231e-02
2.906503785979462282e-02
2.911377302332919179e-02
2.923027500717489610e-02
2.931943494532958730e-02
2.944323098173193959e-02
2.975011561568477805e-02
2.975807394011535309e-02
3.005271240923360412e-02
3.019881268391369153e-02
3.027394212150593192e-02
3.040690898873382730e-02
3.059953621593652570e-02
3.065942249367975200e-02
3.071914450155189408e-02
3.079010354079134149e-02
3.096413622756333597e-02
3.098530237300921308e-02
3.121551242304917637e-02
3.126747207949368695e-02
3.141459113628690403e-02
3.149014701878884853e-02
3.151116948155635589e-02
3.184639849510232518e-02
3.201070046714971779e-02
3.260440026577033495e-02
3.262810779421947138e-02
3.282225238937946238e-02
3.294024438053363285e-02
3.324552545866982234e-02
3.325979652038404955e-02
3.328422221449497953e-02
3.362668496915640487e-02
3.375781689554256670e-02
3.380951326212672942e-02
3.388245377612451870e-02
3.415193592495158886e-02
3.425115541447014411e-02
3.440582697553186409e-02
3.454778463302377034e-02
3.464349459323197433e-02
3.475364443291799332e-02
3.478988906530211533e-02
3.501309922861241958e-02
3.503339702552791396e-02
3.509710923693036555e-02
3.531180404809614037e-02
3.541080075666091370e-02
3.624289372396890391e-02
3.625907666182583838e-02
3.642792282212478638e-02
3.673869072298662636e-02
3.695114587535573009e-02
3.703814644116493193e-02
3.708791612579783598e-02
3.718626368165438290e-02
3.726402639148523183e-02
3.737662986951648808e-02
3.787698290267602075e-02
3.789014748480661748e-02
3.859120072694715436e-02
3.871877302533013182e-02
3.892239852163402458e-02
3.925946902429962304e-02
4.023636541160753588e-02
4.047871000771569722e-02
4.055738516122993353e-02
4.087348652820699951e-02
4.093575090334127670e-02
4.094613757366274975e-02
4.159334312213126827e-02
4.176834804411102414e-02
4.185571553519110144e-02
4.211643510260541096e-02
4.219661559048197563e-02
4.224479067880884675e-02
4.265327413731940381e-02
4.321363438976546373e-02
4.411404253358717359e-02
4.471538752855899052e-02
4.535242081665361719e-02
4.612882670470742907e-02
4.702156310014567187e-02
4.765780304670367423e-02
4.786052202903620656e-02
4.835805200019777095e-02
4.839707420144399863e-02
4.887707175312358543e-02
5.002509073601000417e-02
5.075127226801151581e-02
5.086423938992512550e-02
5.260213088035285700e-02
5.385957277526243203e-02
5.405529930900250524e-02
5.784166056208302903e-02
5.904142260540803239e-02
5.911216630323155863e-02
6.079201983513150137e-02
6.084232463688531156e-02
6.305980592574193799e-02
6.731726901461566881e-02
6.747006414000106256e-02
6.924854971541326287e-02
7.359810426499072133e-02
7.578105567241097407e-02
8.238211495625918923e-02
8.582709016513269396e-02
9.095924059077931112e-02
