3.644292054486415050e-02
3.704950291083485003e-02
3.755027916248640518e-02
4.268744120395297909e-02
4.336783895819871365e-02
4.341649118225041765e-02
4.409802266828063283e-02
4.652886891606947822e-02
4.720386208811690881e-02
4.884564829117226531e-02
5.044243005454230461e-02
5.057349905402652723e-02
5.187893611990688353e-02
5.195930006245118304e-02
5.212616625737227088e-02
5.219568605643321035e-02
5.223639516399629368e-02
5.260927934761223945e-02
5.316992264611600932e-02
5.363898347927117255e-02
5.398775269075302419e-02
5.426671806339452425e-02
5.584577156649617180e-02
5.669016024102802725e-02
5.729310705504007256e-02
5.748328826343699488e-02
5.803546877954155608e-02
5.846589736122800168e-02
5.897765322577147584e-02
5.937613798974857027e-02
5.945647141776576328e-02
5.947071598512411461e-02
6.090404877069004186e-02
6.138461472393438173e-02
6.157168941399787654e-02
6.257027323647812445e-02
6.257174258267668432e-02
6.302106227396432614e-02
6.317569615076343292e-02
6.328008788147078401e-02
6.347630678277103866e-02
6.403393940951300489e-02
6.407451786134535365e-02
6.412341623390693801e-02
6.434919071188460737e-02
6.438729411596129382e-02
6.445520903168980298e-02
6.446210006686405036e-02
6.453335070549108543e-02
6.480036975143818601e-02
6.499926607310321791e-02
6.503457150469867110e-02
6.507460374531170988e-02
6.513691134347007750e-02
6.525215393618835624e-02
6.540397676967490970e-02
6.593774860326397091e-02
6.601364381908653156e-02
6.735572726204651361e-02
6.744578722939642557e-02
6.780633030638465175e-02
6.808722154992596920e-02
6.862328033329748167e-02
6.912524630840387319e-02
6.934617196633452441e-02
6.956718995594990407e-02
6.966029260608345985e-02
6.986039134785894389e-02
7.010190204471286601e-02
7.013710631277855767e-02
7.013752459427448349e-02
7.057535045384642769e-02
7.085454613362487941e-02
7.096741084930398291e-02
7.138873706557243015e-02
7.161529301846761286e-02
7.167418502901157229e-02
7.245995675728439389e-02
7.291478844769339052e-02
7.306408272392790615e-02
7.309959127326001727e-02
7.378670794601194238e-02
7.407530378632851131e-02
7.471410136169094607e-02
7.499664649996543031e-02
7.534204189341695002e-02
7.556291395866646110e-02
7.576618105854125707e-02
7.594029199878389591e-02
7.668771716205209643e-02
7.697624304461050948e-02
7.702591873252696841e-02
7.709543433884116781e-02
7.773720485432907001e-02
7.780383314734727607e-02
7.799917428464767100e-02
7.841269466851079339e-02
7.843644613316186343e-02
7.847682229763168482e-02
7.886274965959827465e-02
7.976333130982844744e-02
7.992925276732187889e-02
8.114212217549920947e-02
8.240742509924349479e-02
8.263567718118912386e-02
8.264096315674200610e-02
8.326676779596656197e-02
8.341898156739363523e-02
8.349463085386031602e-02
8.366440870800476159e-02
8.400988098487530142e-02
8.417657869728124853e-02
8.427919261804980855e-02
8.485553077478048822e-02
8.555147005098652502e-02
8.582568672272695987e-02
8.632419008166052066e-02
8.635556973035388162e-02
8.669496239282876993e-02
8.679605958328355519e-02
8.724435867216275009e-02
8.738679565993980047e-02
8.765237448529576703e-02
8.771287411430667147e-02
8.806846114012961690e-02
8.813902878104835914e-02
8.874177550506476275e-02
8.896425389588831500e-02
8.916836824594653876e-02
8.928964472893287374e-02
8.931043935268813405e-02
8.933939505230806266e-02
8.953463425727754832e-02
8.953917822400353499e-02
8.966612401255494302e-02
8.971344346144737025e-02
8.973815938236930079e-02
9.007974591827826172e-02
9.043171152499823728e-02
9.055401809250625267e-02
9.065919862629187587e-02
9.128444403126087514e-02
9.174173357935312689e-02
9.177619890398820701e-02
9.227715555633354827e-02
9.233768329715191792e-02
9.247089922558454633e-02
9.259474151129824804e-02
9.287963763044332355e-02
9.299666082268502609e-02
9.303704219123756780e-02
9.319363267826007158e-02
9.330967779079327173e-02
9.340419766387361711e-02
9.348476627527364802e-02
9.370047287481091114e-02
9.452668751302151229e-02
9.486981546011363786e-02
9.497121422043260097e-02
9.501925343229739029e-02
9.523185242933480954e-02
9.539311692621339767e-02
9.551343077673826731e-02
9.560179115921116355e-02
9.579760312571919401e-02
9.581722992629330971e-02
9.681056130769696844e-02
9.696436287296156253e-02
9.701222111056734265e-02
9.727750614454243328e-02
9.740484030996804377e-02
9.749923007759270233e-02
9.772671558997268748e-02
9.783604969838693988e-02
9.790994752780324273e-02
9.793994741099329437e-02
9.938020680578427135e-02
9.948443548627347588e-02
9.950047203988979239e-02
9.950669240775922297e-02
9.955417120913603868e-02
1.000276134288285573e-01
1.000895413362633823e-01
1.001357169538674013e-01
1.003035195908404537e-01
1.004524050680279390e-01
1.004878484308714820e-01
1.005187077189471506e-01
1.007571899723927744e-01
1.011330555215836369e-01
1.011333980269010918e-01
1.017122939604538229e-01
1.018003178086312049e-01
1.019310743558842908e-01
1.020403623874189675e-01
1.029842567214099003e-01
1.030664841039679036e-01
1.037384581453258264e-01
1.039272568296651933e-01
1.043635670409744642e-01
1.043857038468965631e-01
1.044970992458221087e-01
1.045401030944301951e-01
1.049762485745085183e-01
1.050236698705513394e-01
1.052441660440900234e-01
1.053546671746529301e-01
1.053882303595534420e-01
1.054136744430051176e-01
1.055317957122415828e-01
1.055426695079702687e-01
1.060374186221968024e-01
1.061011262333965005e-01
1.061163262453192202e-01
1.062662873918948092e-01
1.078345198275908745e-01
1.080647978486355826e-01
1.080892859424447822e-01
1.082286689844975391e-01
1.082767750688896774e-01
1.083809104634059217e-01
1.084052791806964650e-01
1.087968235619533874e-01
1.087979718835330595e-01
1.091942813015998742e-01
1.093301767651370798e-01
1.093647505630162969e-01
1.094347548967742195e-01
1.094820636568580030e-01
1.095465005996532765e-01
1.097264253877061613e-01
1.097684609522059929e-01
1.099192999218730066e-01
1.099617039204009300e-01
1.101913550142251119e-01
1.105491887834672837e-01
1.108763439416097507e-01
1.112822653823032082e-01
1.112959177036638991e-01
1.114028013734102013e-01
1.115373117777130052e-01
1.115473585838946124e-01
1.115676757783707340e-01
1.119854808565641374e-01
1.124148679894620834e-01
1.125059989215205780e-01
1.127523361754812631e-01
1.132048880616973868e-01
1.134156577920169412e-01
1.134555304585720681e-01
1.135695058429990328e-01
1.135850263772671676e-01
1.135850354118128069e-01
1.138393083705658559e-01
1.139752716725556114e-01
1.141251154383267075e-01
1.144561152167825474e-01
1.146436832674967016e-01
1.148505482813247797e-01
1.149064870869565685e-01
1.149783822503164660e-01
1.151222003723628151e-01
1.151273761194260975e-01
1.151796884140764143e-01
1.152568429206097672e-01
1.153036381470539523e-01
1.153435454161344104e-01
1.155877133416191582e-01
1.156773126361871212e-01
1.158403077426292116e-01
1.158871275866117101e-01
1.159057813506752799e-01
1.163274235450274252e-01
1.164712852518630937e-01
1.167091333247427115e-01
1.167583792132299847e-01
1.167934698261123977e-01
1.170687022300410801e-01
1.171793861708178008e-01
1.172204688527170441e-01
1.172469806575984069e-01
1.178459020918882494e-01
1.178671605983707127e-01
1.181427087729833986e-01
1.181971979086148400e-01
1.185261088632541954e-01
1.187700484822504787e-01
1.187736558379577506e-01
1.187739224427479812e-01
1.188027312339900443e-01
1.189899780941855167e-01
1.192154944551692131e-01
1.196052908998823938e-01
1.198274358974184550e-01
1.199863511874392497e-01
1.200928861738028847e-01
1.201799428025720623e-01
1.205080720528112909e-01
1.206446440549462928e-01
1.207036455613386683e-01
1.214089898235230919e-01
1.215850334388831611e-01
1.216788943455111710e-01
1.218911533309913753e-01
1.224298531628921216e-01
1.225324755695682832e-01
1.225423636790399923e-01
1.227666349130346057e-01
1.228518624873832649e-01
1.232555510574164098e-01
1.235080686577491871e-01
1.235109364546091160e-01
1.235156445377256079e-01
1.240055117657648115e-01
1.242146101137281272e-01
1.246039105010111336e-01
1.247563377907901505e-01
1.247807155441407051e-01
1.247840612456913301e-01
1.248463645624821455e-01
1.249447279185233878e-01
1.252381921592988501e-01
1.253915474083658055e-01
1.256993298686356342e-01
1.257370831762791852e-01
1.257695328790238987e-01
1.258086434641629003e-01
1.259108416056235191e-01
1.262677514892829034e-01
1.267156978036291792e-01
1.269583144899882610e-01
1.273764934435508145e-01
1.275558985854723937e-01
1.286804706061570880e-01
1.287089678975929519e-01
1.287362470139508108e-01
1.292123461167830889e-01
1.294196051483406107e-01
1.297477888532922452e-01
1.297487614432988046e-01
1.300799813910396285e-01
1.300938053258648419e-01
1.302284491550306511e-01
1.302681137875627282e-01
1.302783257824584873e-01
1.305663184025976364e-01
1.311886313641571766e-01
1.322031614975591740e-01
1.322678552337203661e-01
1.323670333772714036e-01
1.325326491211872293e-01
1.325863297728908929e-01
1.328602657583330404e-01
1.330292644004722191e-01
1.333786771559408446e-01
1.337768362459816340e-01
1.338616621172783738e-01
1.340263167709332681e-01
1.341797728510177312e-01
1.342299443281066151e-01
1.345609995689015514e-01
1.348674913780356088e-01
1.349648030613376515e-01
1.350363398240543578e-01
1.350419215477530466e-01
1.352884779722810238e-01
1.357096874218425286e-01
1.357717727179757750e-01
1.359533396476569900e-01
1.365991868430874168e-01
1.375108431841200185e-01
1.376464749897358952e-01
1.377087075310887698e-01
1.377869178222214941e-01
1.378422810134161125e-01
1.381597801231795319e-01
1.386382437166258086e-01
1.389349112292967980e-01
1.391721902506866115e-01
1.393867798536478075e-01
1.394449234615618982e-01
1.396150861808630184e-01
1.397844483579363251e-01
1.402922466963761883e-01
1.403937709909892917e-01
1.405190116402612599e-01
1.412785784311846315e-01
1.415999672843781532e-01
1.416821615284750979e-01
1.417901056022999318e-01
1.423919719641785764e-01
1.425083654466250127e-01
1.427770385638852946e-01
1.428706778808353228e-01
1.437192949753964555e-01
1.440681258071617177e-01
1.441648240962675187e-01
1.442170865901277188e-01
1.443443738498926543e-01
1.446730289648198720e-01
1.450881121864394108e-01
1.451995072590401004e-01
1.454214914369800493e-01
1.456210300778884581e-01
1.460200278636586968e-01
1.460593820530260711e-01
1.461117264443441699e-01
1.464613360219123028e-01
1.466144194011281543e-01
1.469121131768646449e-01
1.475212615914423264e-01
1.475308388216307331e-01
1.475956352816714945e-01
1.477375753737196207e-01
1.478047484458748229e-01
1.479939336745693390e-01
1.481680195153660395e-01
1.482989875887773257e-01
1.485862691865857121e-01
1.489465975472910597e-01
1.491650342896242987e-01
1.491719012505400010e-01
1.493864160847517830e-01
1.495185739968256933e-01
1.498168654679572498e-01
1.499749209661717930e-01
1.499868660749638649e-01
1.502347813204684968e-01
1.505790990101887050e-01
1.507157181134815283e-01
1.511000725887274576e-01
1.511881610740893889e-01
1.513463442085246358e-01
1.514009422830331908e-01
1.516408660118677421e-01
1.516739288954055409e-01
1.520441460856400695e-01
1.520581831198813405e-01
1.522321153803569971e-01
1.523206425726523205e-01
1.528554058723763376e-01
1.529101347128563881e-01
1.532028147005540797e-01
1.532037085398373910e-01
1.532241103866625875e-01
1.537059647885954394e-01
1.537329200488145864e-01
1.540266078673576122e-01
1.540708606810676506e-01
1.540773500125315332e-01
1.541243428497728052e-01
1.544946266525901168e-01
1.548183091361138297e-01
1.548245373848028406e-01
1.550300563385552943e-01
1.554749640812198574e-01
1.555545287820862543e-01
1.558315650078534453e-01
1.560766058108604970e-01
1.565979460736283968e-01
1.566748094353488108e-01
1.569127277246721297e-01
1.570627945601690834e-01
1.578936992655263494e-01
1.579276300571412217e-01
1.591535376128739021e-01
1.594304144197489226e-01
1.595076469412449183e-01
1.596205392759300346e-01
1.596525382548945882e-01
1.599330280884078970e-01
1.600659258884815361e-01
1.604743584215800600e-01
1.607935352475942936e-01
1.613434628355106815e-01
1.616053513625309024e-01
1.617166393380976286e-01
1.617780393635014080e-01
1.618231220060269149e-01
1.620450775700175428e-01
1.622034409131232202e-01
1.624658066045236160e-01
1.625977730423577294e-01
1.628489117505790840e-01
1.630534048374226441e-01
1.630863498339666096e-01
1.633986256157376749e-01
1.639250048332321630e-01
1.639669601203797011e-01
1.639973576524481613e-01
1.643552650428966588e-01
1.644519166783720010e-01
1.649321646570636457e-01
1.652092788102426102e-01
1.657668313928115644e-01
1.657878427836729507e-01
1.666909933422227874e-01
1.672207884829877977e-01
1.674965170105688073e-01
1.676533206062724990e-01
1.677794959286116883e-01
1.678725960571834097e-01
1.679465304700887562e-01
1.682510633268291533e-01
1.682615786307344319e-01
1.685413132042049844e-01
1.687422584712803542e-01
1.691685227192593899e-01
1.694214916588784314e-01
1.695234663402614139e-01
1.701820784271346476e-01
1.702135826980590849e-01
1.706227587802362500e-01
1.707215502388850781e-01
1.709115047685661470e-01
1.709436654422775148e-01
1.710234512623428071e-01
1.714010210073108054e-01
1.715523291055462696e-01
1.720882000779414278e-01
1.721296478118851392e-01
1.721990177273940714e-01
1.722828775546004498e-01
1.727528734577619962e-01
1.728598632137084978e-01
1.729660158366101430e-01
1.729722308856168622e-01
1.730190896464596229e-01
1.730566351082926946e-01
1.730836550453324907e-01
1.732294275879005252e-01
1.735601009015577123e-01
1.745142810714059578e-01
1.751999921316897968e-01
1.753944686784761342e-01
1.756507705598993607e-01
1.756874501493770335e-01
1.758116922324065856e-01
1.759397354512757250e-01
1.760977219686984396e-01
1.762359351079594572e-01
1.762688149583819530e-01
1.763663587232996710e-01
1.766642238707732682e-01
1.783754245814174744e-01
1.785176414935119582e-01
1.788985442799775893e-01
1.789591091138842960e-01
1.793127854989435277e-01
1.801073121774475205e-01
1.801725512880482938e-01
1.808240834418384790e-01
1.808523242636765060e-01
1.814069844653849461e-01
1.814780373947246228e-01
1.820354168592882849e-01
1.823855985165225846e-01
1.824647872300247109e-01
1.828841766647335831e-01
1.831959489209883385e-01
1.833594865470973556e-01
1.834094104089276644e-01
1.834375476481148459e-01
1.839153598798892730e-01
1.841129120668543451e-01
1.843319714993860436e-01
1.847596566474368485e-01
1.853233420281245325e-01
1.855789079318182488e-01
1.856187036025412629e-01
1.858681889996171566e-01
1.860818993099006557e-01
1.861036651803222586e-01
1.863056353594664538e-01
1.867781302539929245e-01
1.869860064657486720e-01
1.873437614378690441e-01
1.873743207908766528e-01
1.876995917774143541e-01
1.878014741016699740e-01
1.881141826172647580e-01
1.883552555477829571e-01
1.885955763031455235e-01
1.886090821176142351e-01
1.900585099238226716e-01
1.902391277562044958e-01
1.909223369875570342e-01
1.916135964881797160e-01
1.917832044213073628e-01
1.919322239702341282e-01
1.929335758178937210e-01
1.933727538622923847e-01
1.934367418459300714e-01
1.934687064801170753e-01
1.934823686474207716e-01
1.936838317283968713e-01
1.940567420429393508e-01
1.944324006583919573e-01
1.945886394856671808e-01
1.948648131100471914e-01
1.949254339661489477e-01
1.949592352736896628e-01
1.951324560646111594e-01
1.952095537710008544e-01
1.954380845770279651e-01
1.957530416580655075e-01
1.960396516466030303e-01
1.961030397606409736e-01
1.964870193788851027e-01
1.967670418101695462e-01
1.967907917018562325e-01
1.972768422956845125e-01
1.977250531785559595e-01
1.979207791575686159e-01
1.979946852263970991e-01
1.985637083133964254e-01
1.994985021109781098e-01
1.998600171788164070e-01
1.999839599737321116e-01
2.000178894158815279e-01
2.003466471305478669e-01
2.004190573944902021e-01
2.007196407042321773e-01
2.007820931100973705e-01
2.011495152922435636e-01
2.014272439989711616e-01
2.017833712465449680e-01
2.018936205940567441e-01
2.019566503836069393e-01
2.026583574758642203e-01
2.027825135995940942e-01
2.033775327008639500e-01
2.035602725327575191e-01
2.041480893485847770e-01
2.046758848714607393e-01
2.054490881062603636e-01
2.058936870629036742e-01
2.060497420287398518e-01
2.064031294402593475e-01
2.067724095067175472e-01
2.070036331616587344e-01
2.070701776624384038e-01
2.071654603307862552e-01
2.074596689898370594e-01
2.076674779439017793e-01
2.080224541505990843e-01
2.085354416939362854e-01
2.085968584684106120e-01
2.088559581521362285e-01
2.090537427405806670e-01
2.096923152895780740e-01
2.098321835492487353e-01
2.107863279885714425e-01
2.109732823216276809e-01
2.115116237028651369e-01
2.123245095358133328e-01
2.124713967570960871e-01
2.127172836519931054e-01
2.128549930179838012e-01
2.129391504176237626e-01
2.129807957992031764e-01
2.135341744584361434e-01
2.136962184618979022e-01
2.137092656639348054e-01
2.137574174380219294e-01
2.137772272323577583e-01
2.137925646674370683e-01
2.143707208909587381e-01
2.148335311531854586e-01
2.148551920044891317e-01
2.151467547316387730e-01
2.156350058431805994e-01
2.160972341742473934e-01
2.170230464127075876e-01
2.174667470922648504e-01
2.175309252874668142e-01
2.177518396891824914e-01
2.183203520647070128e-01
2.200139205262237885e-01
2.203928217233568909e-01
2.206522250083064740e-01
2.207228168618907416e-01
2.212246618126748887e-01
2.221144601526389706e-01
2.225314062592784192e-01
2.226981553328571395e-01
2.228635423393972859e-01
2.238377063837535819e-01
2.242052162578351826e-01
2.248350642319175974e-01
2.256557817744634931e-01
2.257841765775101261e-01
2.263488738975205083e-01
2.264005120170113905e-01
2.266175775867081132e-01
2.270972754496485557e-01
2.276321419145474756e-01
2.280911550744032512e-01
2.283282474538760043e-01
2.283504499275692823e-01
2.293383362292834016e-01
2.296871309568723207e-01
2.305995037341163900e-01
2.307385926430872425e-01
2.307945275607961866e-01
2.315415420839631866e-01
2.317205145056335236e-01
2.318314091629910811e-01
2.319973118797927225e-01
2.321716656072046470e-01
2.324209751973823623e-01
2.339927174950375277e-01
2.343638137481464656e-01
2.354191234628086882e-01
2.360126481568475265e-01
2.360873139888941541e-01
2.360978357779698056e-01
2.362309890375882959e-01
2.368331524682993905e-01
2.368901856241305282e-01
2.376307160289277964e-01
2.384696743902870730e-01
2.387384551674073818e-01
2.392080740837294328e-01
2.396594033528374190e-01
2.401726344843647110e-01
2.407214185851701271e-01
2.407225135471932065e-01
2.413130551372696664e-01
2.415362577096378527e-01
2.419423558373311189e-01
2.421637306469199558e-01
2.426033646928954512e-01
2.432270419233478198e-01
2.432684396166592822e-01
2.440227300459443527e-01
2.444009272250232956e-01
2.444489589357802528e-01
2.452758392608837268e-01
2.454184563854908130e-01
2.458736246777845358e-01
2.459278501309489773e-01
2.459411083219855965e-01
2.459915027349478811e-01
2.464101461445218910e-01
2.475858773969614179e-01
2.489607630957088313e-01
2.498252112932485003e-01
2.502984555693146262e-01
2.506702608585815173e-01
2.511028248022115217e-01
2.511235796682869115e-01
2.516397611151889313e-01
2.527762366537615324e-01
2.527843880882222893e-01
2.537502763418190144e-01
2.542027343909492587e-01
2.548353083982164979e-01
2.554577644668805658e-01
2.555203826928004740e-01
2.559882327092680709e-01
2.560942438636086838e-01
2.561646941559447832e-01
2.568554247313528660e-01
2.572430183566082884e-01
2.574771184861943119e-01
2.578109373415619077e-01
2.582199826715587121e-01
2.583846271109363490e-01
2.586852474976063521e-01
2.587483282733584189e-01
2.588382795437772499e-01
2.589481145176230070e-01
2.590422969051975888e-01
2.600900549172879828e-01
2.601131915752581403e-01
2.604663733370747303e-01
2.610603151052739990e-01
2.612100372121246017e-01
2.613534456615195789e-01
2.615181154832313948e-01
2.617151111545054087e-01
2.619559541819359572e-01
2.619836272930396448e-01
2.631164448858208660e-01
2.631384437309056135e-01
2.631782789375832765e-01
2.651408336771732821e-01
2.651813974887909930e-01
2.654021105071873721e-01
2.657105919474602174e-01
2.672277620441124713e-01
2.679849878084731851e-01
2.680842650731641852e-01
2.681018854369893734e-01
2.681752149438211275e-01
2.693061011114679659e-01
2.696507632241603725e-01
2.699478658141941656e-01
2.716918852767395420e-01
2.717445447929249247e-01
2.726323348959894810e-01
2.730033105842372132e-01
2.735858654996237704e-01
2.736342241210855120e-01
2.737550893362338256e-01
2.740929291589761507e-01
2.742235928400191258e-01
2.742584686409953454e-01
2.742699924705643277e-01
2.747869822248446559e-01
2.759126207528693753e-01
2.762670358748212651e-01
2.770548867014266947e-01
2.772566286361402010e-01
2.774551541371013119e-01
2.780747947273233267e-01
2.796803401090590668e-01
2.814398688493355283e-01
2.814598639084902598e-01
2.823708429353875005e-01
2.847927133663650245e-01
2.856678363467341497e-01
2.857095882661097042e-01
2.857740838788096482e-01
2.859387632229183351e-01
2.859392486188142013e-01
2.891033070748927347e-01
2.898648125059590797e-01
2.899142819952656991e-01
2.900257955780620178e-01
2.918253518355223286e-01
2.922556009187812220e-01
2.924322988951320035e-01
2.932531903858785483e-01
2.938626662420756319e-01
2.948972551825427280e-01
2.949162603740730915e-01
2.950600528004064804e-01
2.960146619196870610e-01
2.960486552259847803e-01
2.977975052048248972e-01
2.977998367849798989e-01
2.982532598725041173e-01
2.990386147543310780e-01
3.033994930516155653e-01
3.053492155407547259e-01
3.088861222971656662e-01
3.095777860462764486e-01
3.095986525072991769e-01
3.096620728588506122e-01
3.097328675503867035e-01
3.102775326572239090e-01
3.124738706650830866e-01
3.137646928371934374e-01
3.144751689999151223e-01
3.146809773504041230e-01
3.148329323916568834e-01
3.163867892693564277e-01
3.172369197221370229e-01
3.177643530580414599e-01
3.181383921368885481e-01
3.185836514307439082e-01
3.205974892550338406e-01
3.229946063499130604e-01
3.239652980747976252e-01
3.247460613260844675e-01
3.249002624488883662e-01
3.253666358020956273e-01
3.278580499227732314e-01
3.294543264419683148e-01
3.302126250442687372e-01
3.317653616148452111e-01
3.344597816405994739e-01
3.369046240545597315e-01
3.376317312791016212e-01
3.384446738573576030e-01
3.396525886090017154e-01
3.397669561624689916e-01
3.401136816873372437e-01
3.403328103777027991e-01
3.404188067902652048e-01
3.406591780382284274e-01
3.418643523945447127e-01
3.419274833868822805e-01
3.423648729687254755e-01
3.436605783746937703e-01
3.469126485021108985e-01
3.492834576039408612e-01
3.499568800851805550e-01
3.535749177824069611e-01
3.576888880282003691e-01
3.606607570493094994e-01
3.618819833781927731e-01
3.623174768504081045e-01
3.625272393796173942e-01
3.653115094158906340e-01
3.661250971040304059e-01
3.671834126697834377e-01
3.696658683435047332e-01
3.706423827220412526e-01
3.722604186870409060e-01
3.724972421573189418e-01
3.729078003526480334e-01
3.740010076849733522e-01
3.748052035899478995e-01
3.756747356121982739e-01
3.758354721286354394e-01
3.760789236695497584e-01
3.791393780596694074e-01
3.792921640500116487e-01
3.801884657160519709e-01
3.803611097424684506e-01
3.830341224587600624e-01
3.833813613514876484e-01
3.841676853841662909e-01
3.895327413504536818e-01
3.898989895716265530e-01
3.920144864025615350e-01
3.920160962069264565e-01
3.959751422190112558e-01
3.959819212939284516e-01
3.966512012144751687e-01
3.968469923260946053e-01
3.978693702853746683e-01
3.980694643616329853e-01
3.993997412491070986e-01
3.996621725770027611e-01
4.003119678284414173e-01
4.011541262936622609e-01
4.015779461471022938e-01
4.029671761079581249e-01
4.041083554344497841e-01
4.069149952341475363e-01
4.070930774420869480e-01
4.071397390448412423e-01
4.072450798226298629e-01
4.079153129442385506e-01
4.081767626253461900e-01
4.089315981146272039e-01
4.107692410144925255e-01
4.136098168955179566e-01
4.139579416788691790e-01
4.154699745060649319e-01
4.212347208051692160e-01
4.219351015794376991e-01
4.232419923104948634e-01
4.248469200207507512e-01
4.289513198779472125e-01
4.290606854004760939e-01
4.313109949461385040e-01
4.340207016163648568e-01
4.359925835359044211e-01
4.385112355098301218e-01
4.415750251087753875e-01
4.416487714962689104e-01
4.504866829188440835e-01
4.589840905797358261e-01
4.761431520433445641e-01
4.773089993176028445e-01
4.775370484164637164e-01
4.777795157056461961e-01
4.827832424401650169e-01
4.837900907547144636e-01
4.862944399139531026e-01
4.898382541610480367e-01
4.923716178905425678e-01
4.947310317915606936e-01
4.964939414768417270e-01
4.999191933742613281e-01
5.018813028646897934e-01
5.037822632603744522e-01
5.079491773448702174e-01
5.091071067420621654e-01
5.108365937817463953e-01
5.126456680932766075e-01
5.132250243897107378e-01
5.135453174725959080e-01
5.181349916602060457e-01
5.213305149821612083e-01
5.220070925499481485e-01
5.354507887288468826e-01
5.419244811897905301e-01
5.458374006607312756e-01
5.491667285853443214e-01
5.500668713923668740e-01
5.643442223830664739e-01
5.659152798607851587e-01
5.698013276197307908e-01
5.778049186420087802e-01
5.826106433843255550e-01
5.894771249477736008e-01
5.967157810156471509e-01
6.065138725044101342e-01
6.172508896084594188e-01
6.180490340194766397e-01
6.207324069316439985e-01
6.236519273316002421e-01
6.320550521935696109e-01
6.365108410058742949e-01
6.371167490766874719e-01
6.463167867971369995e-01
6.464855937323965573e-01
6.470827131728100756e-01
6.533487295279202245e-01
6.656642293799548415e-01
6.668835072054609681e-01
6.669672557810638613e-01
6.685700524765605390e-01
6.759548161764459273e-01
7.032110070252510781e-01
7.122456485126051895e-01
7.171690890207982338e-01
7.189266208903563049e-01
7.302555745219232453e-01
7.326736496572618940e-01
7.425189040157713638e-01
7.503128156082040645e-01
7.968819491717648029e-01
8.060769450221537680e-01
8.101472298584876386e-01
8.217060969986174079e-01
8.600808933252713784e-01
8.992375269732723053e-01
