3.974996574422747821e-03
3.981746224542020811e-03
4.250166346099039719e-03
4.263941413808943100e-03
4.403789909686772058e-03
4.496152964629396113e-03
4.555604338782199766e-03
4.590041316441028328e-03
4.691850104347319861e-03
4.692384907620116181e-03
4.718023697617652890e-03
4.736334026807944783e-03
4.758611158113236310e-03
4.815947667411124740e-03
4.873543850738877060e-03
4.945883777746903215e-03
4.975800882118215120e-03
4.976368714845037441e-03
4.996034608066862379e-03
5.137175956263038273e-03
5.176135611085977938e-03
5.256710971654050130e-03
5.259845183204106371e-03
5.274478467551810615e-03
5.288235888787747897e-03
5.345281862892006450e-03
5.376164975398247531e-03
5.485768455218920092e-03
5.497725325595338199e-03
5.528129935349353208e-03
5.529850884458210013e-03
5.545259362520153952e-03
5.585808655619317782e-03
5.690671956423566658e-03
5.706870438204527524e-03
5.710745097831104039e-03
5.724105301925161253e-03
5.769974975792280941e-03
5.801114887074303346e-03
5.806286359827207005e-03
5.816230202082135238e-03
5.841405010794780035e-03
5.850336824974353839e-03
5.850757554828753086e-03
5.856854268372799557e-03
5.867068940234925964e-03
5.877350892307300033e-03
5.881261660533616126e-03
5.926641240867157670e-03
5.978012976872251055e-03
6.003139774678496049e-03
6.003168038790824418e-03
6.019561303571357817e-03
6.019760257141518016e-03
6.039376804311357913e-03
6.053957363835450051e-03
6.081735622317088925e-03
6.094815332625442769e-03
6.105881148915137668e-03
6.128614263703219961e-03
6.152297441072023670e-03
6.159987834965041133e-03
6.189746914582007660e-03
6.193230165996877791e-03
6.201958830453673313e-03
6.204977640522218139e-03
6.224623327926205596e-03
6.260010052794228071e-03
6.272546616559310055e-03
6.280909072276699701e-03
6.284286892152003354e-03
6.305129941158552596e-03
6.307446577816757521e-03
6.312845464897979576e-03
6.322397902910021489e-03
6.338244618352768117e-03
6.344900402715472620e-03
6.369188916269346440e-03
6.369624399205338003e-03
6.379165715241792017e-03
6.393599243976576599e-03
6.398866372919971394e-03
6.399207276266426908e-03
6.408796212469784412e-03
6.414294044698602530e-03
6.414960547759470527e-03
6.449127700733929026e-03
6.470182700136381700e-03
6.475137464478042566e-03
6.475501354507076299e-03
6.483609978281999232e-03
6.489515536118178017e-03
6.494589515450244384e-03
6.511510289228847337e-03
6.528136056106976191e-03
6.552698277878392201e-03
6.553481538237261074e-03
6.560863894834042045e-03
6.566141717517452736e-03
6.583559770557795635e-03
6.583608655251875670e-03
6.584085425545695841e-03
6.587788301191595773e-03
6.587877949480929439e-03
6.589712563618995399e-03
6.606821121506815594e-03
6.617439944488047801e-03
6.624373721515036326e-03
6.624438801487160348e-03
6.628031144590595947e-03
6.635988209690917190e-03
6.636666385326925148e-03
6.646940450729660679e-03
6.682281404783231224e-03
6.685093613810674622e-03
6.700006519352801754e-03
6.759012530521840006e-03
6.764212678647497923e-03
6.765268852177629307e-03
6.775415817112857321e-03
6.779925564511385568e-03
6.782209951158187783e-03
6.783598430670627691e-03
6.810770420495613001e-03
6.815704081402899732e-03
6.818550282642751696e-03
6.821692066006626240e-03
6.840898467292706904e-03
6.845730991936789175e-03
6.850491503897941821e-03
6.850792823213719927e-03
6.853644896344160235e-03
6.895311089412548000e-03
6.928336440314956587e-03
6.944505016096581655e-03
6.952240568391792989e-03
6.989290253171148541e-03
7.006566525500340821e-03
7.016442839151334696e-03
7.020277976764156651e-03
7.032848591399644064e-03
7.038015297099283439e-03
7.038139722298181016e-03
7.052454641708570497e-03
7.073220820081533786e-03
7.095719930522965437e-03
7.096287953071190278e-03
7.104648888538281012e-03
7.105237797787943704e-03
7.107709171020065546e-03
7.116995991776866454e-03
7.120309747738550778e-03
7.131840044698682657e-03
7.139308933144654021e-03
7.148561541357090557e-03
7.160835715277032859e-03
7.164161459977798525e-03
7.172651063710720233e-03
7.182770852771322954e-03
7.185228311144125322e-03
7.198643446697189016e-03
7.204575648629765738e-03
7.208811685136537646e-03
7.212278731963411675e-03
7.228935552127949832e-03
7.229812067409908775e-03
7.230446461257064410e-03
7.243480687990183110e-03
7.244696228009207123e-03
7.256065788359581520e-03
7.271940676137620026e-03
7.287210155180375189e-03
7.295451889836366589e-03
7.306252547706543372e-03
7.322599197628326846e-03
7.380487217085914160e-03
7.381255153905318805e-03
7.385725129877715456e-03
7.385943621791501816e-03
7.388382131526095332e-03
7.396765161461736800e-03
7.399526113862715283e-03
7.399852953701496414e-03
7.411554434742044332e-03
7.440329941204078951e-03
7.457580016295854534e-03
7.459096923627379569e-03
7.481501129845458814e-03
7.488071662532185153e-03
7.501153358455678322e-03
7.543059512365194938e-03
7.577685541314187721e-03
7.617936909517018622e-03
7.628073089785113343e-03
7.632936530114426202e-03
7.639169085841917249e-03
7.644404631396522348e-03
7.651285872864772505e-03
7.702406631026938351e-03
7.722523150083717390e-03
7.728566478073328402e-03
7.749850654429331007e-03
7.762792532588749274e-03
7.769095078802848095e-03
7.774880870806817786e-03
7.779660748190631719e-03
7.799718630158995920e-03
7.821066431629747351e-03
7.822587504217303964e-03
7.840049748810050401e-03
7.841376121396993748e-03
7.847765448920072592e-03
7.863656211077357100e-03
7.882027209147714555e-03
7.911313256234455207e-03
7.916749676213885936e-03
7.948208848820347353e-03
7.951707130625835368e-03
7.952795090224170499e-03
7.953716995857305905e-03
7.956974378002449125e-03
7.957648392934672105e-03
8.026897049868206638e-03
8.032752992657044011e-03
8.051890820316572397e-03
8.059625608871407235e-03
8.071804970984756272e-03
8.073021494346931115e-03
8.073024377607561364e-03
8.105949938422224790e-03
8.119272383713670507e-03
8.121636374271802572e-03
8.141073852289536228e-03
8.144780188863186277e-03
8.148889606423008469e-03
8.164103166649375534e-03
8.168160850757756608e-03
8.182223708781743987e-03
8.197548582369344403e-03
8.219738287480383987e-03
8.223980392725706648e-03
8.226648115548402043e-03
8.229260271369498447e-03
8.236052517710878290e-03
8.240916493302743312e-03
8.251236026462025613e-03
8.273065830336597676e-03
8.286336335032378625e-03
8.293442023667312729e-03
8.306876141702047162e-03
8.331536807376528977e-03
8.334692946592680424e-03
8.336935632872900098e-03
8.356201357318647494e-03
8.363771541306403226e-03
8.372593937811735609e-03
8.386402188131096905e-03
8.395566749277926302e-03
8.406319831863176203e-03
8.409768123073519883e-03
8.418453014367105816e-03
8.432173258203074645e-03
8.435664627422184356e-03
8.435776412694882473e-03
8.458152777999917993e-03
8.460711998746588136e-03
8.464151268983196447e-03
8.497397724014687029e-03
8.501758151237196262e-03
8.514750877880341087e-03
8.520255511105214591e-03
8.523280625184512932e-03
8.536880823703069457e-03
8.575308387078884806e-03
8.586290217088085250e-03
8.588909346122405516e-03
8.606169180832382373e-03
8.614574422267522874e-03
8.623195669463732879e-03
8.640830992184241402e-03
8.646039385466727442e-03
8.663292137506817953e-03
8.666596522029217098e-03
8.675876420159715080e-03
8.677054368115805216e-03
8.691656594904183936e-03
8.709278313188451720e-03
8.715767597022519228e-03
8.728073080993905414e-03
8.728997812673800274e-03
8.744120655235054773e-03
8.746423818969051994e-03
8.748815852058932155e-03
8.773410800671128940e-03
8.793283084357852997e-03
8.803321467323032071e-03
8.809355910327552538e-03
8.812367835983429820e-03
8.818934897612689533e-03
8.840097599507565004e-03
8.870628571898547809e-03
8.872509366198782013e-03
8.906734452992198792e-03
8.945823485968326660e-03
8.955024713179377330e-03
8.958259219627886724e-03
8.961000513460283187e-03
8.965732879823022292e-03
8.980022579821327067e-03
8.981224865237499161e-03
8.983348803617828907e-03
8.991553203932561161e-03
8.993837386657462310e-03
9.019482477308465862e-03
9.085734780427465532e-03
9.091584416993302512e-03
9.100177328804283372e-03
9.102629105436596188e-03
9.129238028793777715e-03
9.143354506008149682e-03
9.143811733179060819e-03
9.167503998883788641e-03
9.168133861480099248e-03
9.187552931869501574e-03
9.189435673842278121e-03
9.189743541737984550e-03
9.192142157970628266e-03
9.193981541298539353e-03
9.217159151076024029e-03
9.223638432769694362e-03
9.236274588049094708e-03
9.255822704797026651e-03
9.268409848750866487e-03
9.287565787322059341e-03
9.303588746301955786e-03
9.318645644711976914e-03
9.322368526500425870e-03
9.323843122726662228e-03
9.359465424067328967e-03
9.361087013922868641e-03
9.364565314782793623e-03
9.397473849999163006e-03
9.407283182756054005e-03
9.415935314945745108e-03
9.419813717641160877e-03
9.441034133791020855e-03
9.443660487101240841e-03
9.456120158796009478e-03
9.456144092332219656e-03
9.458105462077318754e-03
9.473880682375904541e-03
9.497194693982221117e-03
9.501697797805656528e-03
9.506040142364585721e-03
9.512233325222427260e-03
9.521026605057698530e-03
9.527712887016426269e-03
9.550818904474780643e-03
9.562928490798486975e-03
9.590698090749839866e-03
9.602745225594821674e-03
9.618698509403935878e-03
9.622427030657593888e-03
9.635269852816159830e-03
9.640225593590824593e-03
9.642421711131627521e-03
9.644166625446627672e-03
9.648930112944589452e-03
9.663068321331808735e-03
9.664650341972447212e-03
9.671007739461561989e-03
9.681435602450865624e-03
9.682424648793794969e-03
9.682594229536285041e-03
9.692218625258998063e-03
9.728367384891063382e-03
9.747615308601695686e-03
9.765336182390168401e-03
9.769087441871302652e-03
9.772633560853805426e-03
9.797605253585148569e-03
9.819957691656546958e-03
9.825733893083490531e-03
9.831057864568816529e-03
9.835357336385332216e-03
9.840754507591194938e-03
9.863289886925377670e-03
9.902496965644993002e-03
9.916546917608678319e-03
9.917127233048389154e-03
9.926188844862834926e-03
9.933979926327135557e-03
9.941646746899276965e-03
9.947488429538428253e-03
9.947690104986183293e-03
9.975972348136819337e-03
1.001558167716751040e-02
1.001825346411256042e-02
1.002471358386487071e-02
1.002992122954020869e-02
1.003623690903828782e-02
1.003885655747549857e-02
1.004963716261989860e-02
1.007578490406683090e-02
1.007830400817411043e-02
1.009473417646920661e-02
1.010203152673703336e-02
1.011694298020675634e-02
1.012484040567612938e-02
1.013505027554074088e-02
1.015131697416168759e-02
1.015204291871273090e-02
1.016445400303541899e-02
1.017012969741427908e-02
1.017516829620124762e-02
1.021543583363533972e-02
1.022028360989305461e-02
1.022412483815560331e-02
1.022931655648876524e-02
1.023668047154101604e-02
1.025002002149641434e-02
1.025173926211836103e-02
1.026841181064142017e-02
1.027395204681316038e-02
1.028601121312147128e-02
1.028683134085761966e-02
1.029031186246210511e-02
1.030200010596432278e-02
1.031994890059731267e-02
1.032232928954859678e-02
1.032923918653257632e-02
1.033678466869231496e-02
1.034686878738606299e-02
1.035046434352364896e-02
1.036010252133976427e-02
1.036246410400800885e-02
1.039945793417678191e-02
1.040379941969348139e-02
1.043217743671888062e-02
1.045673092319983691e-02
1.051981864531046675e-02
1.052310601812583846e-02
1.054533665147124738e-02
1.059206879265338873e-02
1.059381621098122971e-02
1.059411753671010009e-02
1.060401157033084331e-02
1.060809815479494059e-02
1.061002654065219299e-02
1.063655149275537573e-02
1.068386060542271358e-02
1.069298700945029400e-02
1.072321749699540160e-02
1.073007754509917346e-02
1.073506241482775035e-02
1.074098220128931989e-02
1.074919494887913683e-02
1.076896746552494753e-02
1.077313553185771378e-02
1.078536021340437655e-02
1.078920085055744098e-02
1.078925774960781854e-02
1.082570557569868287e-02
1.084317599294805715e-02
1.084796464087752800e-02
1.085670238988188478e-02
1.085913717417566482e-02
1.086198896115578814e-02
1.086699486770128023e-02
1.087730289626644142e-02
1.089425351955238333e-02
1.094123251807545619e-02
1.095696145225203907e-02
1.100649299351816671e-02
1.101931072591816850e-02
1.102139082221777026e-02
1.106063226764571542e-02
1.106258240676061787e-02
1.106902468759286828e-02
1.112846694106505580e-02
1.112906285332594322e-02
1.114631935251023630e-02
1.116439410987631921e-02
1.119557523791282067e-02
1.119768893000422545e-02
1.119970519683519301e-02
1.120171107535061945e-02
1.120736009915674312e-02
1.122051895075025681e-02
1.122587571417710088e-02
1.122943363727670410e-02
1.125687798507985643e-02
1.125854526766504639e-02
1.126766840057303112e-02
1.128734635435320495e-02
1.129085660075802161e-02
1.130693694301988621e-02
1.131649518567404145e-02
1.132174047070487466e-02
1.135978248539668174e-02
1.136161441836383221e-02
1.136504400781605285e-02
1.140205026148791850e-02
1.140610257705340289e-02
1.141697487224121316e-02
1.143991933335786887e-02
1.146369387952481979e-02
1.147834241350611205e-02
1.149871757842158872e-02
1.151376664977434711e-02
1.153015119747680117e-02
1.153425375970506921e-02
1.154256751542054142e-02
1.156379751288835050e-02
1.157666792724847821e-02
1.157942712990447411e-02
1.157973931831404214e-02
1.159221031164581715e-02
1.163748449748957560e-02
1.166215871596299608e-02
1.167646937250951117e-02
1.167870060051929074e-02
1.167915327770844593e-02
1.168457935924219725e-02
1.170012405539703863e-02
1.173070715728286202e-02
1.173953683964503239e-02
1.175746543919517668e-02
1.176196164644239574e-02
1.178539403421030932e-02
1.180329647362731750e-02
1.180907433497905244e-02
1.181123467638751576e-02
1.181462662953811776e-02
1.181488078826614489e-02
1.184335904232954907e-02
1.187846015932180442e-02
1.192726223627855152e-02
1.197191060820521069e-02
1.198186682823046412e-02
1.198524181510940596e-02
1.198705582224299758e-02
1.198771095505681526e-02
1.199388294295284513e-02
1.202118649583691634e-02
1.208516443016964884e-02
1.210839675476887804e-02
1.211511600032280297e-02
1.211655809606760302e-02
1.212213035364531274e-02
1.212477522280706356e-02
1.213458313591310282e-02
1.217989137558494507e-02
1.218387417035578582e-02
1.222689474282550974e-02
1.224581808461619979e-02
1.224695059330147690e-02
1.225941230222202250e-02
1.227138039528021668e-02
1.230779290476420075e-02
1.231025035928418228e-02
1.231664010735639657e-02
1.234470874359896650e-02
1.235776104775693912e-02
1.236795242361006519e-02
1.238273629777843048e-02
1.239634939030554925e-02
1.240605876108040115e-02
1.247963051167229505e-02
1.251617651640343949e-02
1.255056021864713565e-02
1.256726688875283576e-02
1.260597630563903108e-02
1.261385344014838601e-02
1.261436033883729310e-02
1.262330013256820344e-02
1.262718783912848523e-02
1.264694602393073679e-02
1.266999662424522950e-02
1.268910595998873000e-02
1.269091846763474238e-02
1.271536194340809958e-02
1.278663526643267385e-02
1.282162312376830364e-02
1.284740663647961599e-02
1.288074919810858546e-02
1.288535234301053760e-02
1.290540205159021632e-02
1.290774607019338355e-02
1.293116549692936018e-02
1.293212103931196816e-02
1.294101451990828898e-02
1.300326472576958554e-02
1.301861917349879383e-02
1.302403792661401341e-02
1.305445282842758806e-02
1.306590064585499977e-02
1.308596922247789139e-02
1.309157054477293365e-02
1.310430688963215053e-02
1.311167629453476903e-02
1.315158537365801808e-02
1.317093201760396841e-02
1.317392177291031377e-02
1.317424215314443037e-02
1.317654578603746039e-02
1.318736200564936574e-02
1.322379206775391516e-02
1.323828866730080225e-02
1.324137519139039279e-02
1.328619626995486587e-02
1.331318873927594959e-02
1.332946878839840615e-02
1.339075002538872919e-02
1.341299026626847218e-02
1.343793704478110293e-02
1.346604235737484771e-02
1.348444534521263220e-02
1.350713771068502191e-02
1.351761204454828176e-02
1.352861081561431908e-02
1.356209106595266702e-02
1.359722125906138307e-02
1.367309725338777988e-02
1.368082429741652832e-02
1.369666014655750684e-02
1.370223054607218327e-02
1.371642457783944780e-02
1.376542972416935906e-02
1.378166033370223885e-02
1.379138104193342040e-02
1.379481118595521014e-02
1.381459627640646733e-02
1.381939307768337288e-02
1.383423638302606895e-02
1.383707249091083169e-02
1.384322227309452841e-02
1.385135329609633002e-02
1.388103618695455538e-02
1.396271575962175493e-02
1.399419393686615783e-02
1.400853206750157787e-02
1.401651591623237839e-02
1.404476129909726714e-02
1.408931991737431139e-02
1.409368090989782454e-02
1.410593674575992204e-02
1.412754142161738551e-02
1.412884767980451817e-02
1.412989303614791727e-02
1.413306805302051543e-02
1.413905292932609095e-02
1.416973625053149707e-02
1.417434835419705171e-02
1.418701250745143388e-02
1.419835797691298973e-02
1.420790587157147629e-02
1.421248281945082514e-02
1.422191152400126453e-02
1.423460870966752889e-02
1.425994634096434087e-02
1.427336731178986684e-02
1.427421388373888329e-02
1.427725286620306136e-02
1.428323517796759728e-02
1.437355924175532686e-02
1.438410911001451915e-02
1.442804142839334072e-02
1.445846232717836084e-02
1.450616875237155899e-02
1.450970558820541094e-02
1.451474942723192732e-02
1.461039015984616843e-02
1.463466279454991338e-02
1.465753154950520144e-02
1.472289459551838833e-02
1.474699072113224568e-02
1.474881889396305670e-02
1.475499275336034435e-02
1.476483810439220383e-02
1.480178828226974552e-02
1.480429843492041785e-02
1.480897372948716643e-02
1.482947030910628829e-02
1.483447919464547099e-02
1.485238114936303193e-02
1.485723579201370971e-02
1.489448178659257514e-02
1.489856457585455457e-02
1.490391149492068835e-02
1.491212662108784212e-02
1.491833721122640122e-02
1.492829522767854730e-02
1.493310607538605485e-02
1.496194034602167308e-02
1.496499799260370481e-02
1.496554594610482666e-02
1.504859722027676767e-02
1.506599828490624675e-02
1.512998901472634335e-02
1.513652385192634786e-02
1.517933792594015896e-02
1.520585717352732243e-02
1.526029838832060684e-02
1.528403498651619355e-02
1.529706230298825964e-02
1.531583790603932571e-02
1.531961732512142522e-02
1.536232949252740003e-02
1.540002972548231916e-02
1.553603228366679315e-02
1.554343049471625451e-02
1.559061417293143223e-02
1.559809806867215425e-02
1.563852208691453999e-02
1.566998377858141653e-02
1.567055956978296791e-02
1.569855319510520333e-02
1.569949850487116494e-02
1.576430875124380446e-02
1.576532549419054977e-02
1.579385886954147444e-02
1.583057904218776804e-02
1.583241725370536715e-02
1.584818526749783366e-02
1.588301947026663635e-02
1.595368544751289003e-02
1.596520086784797982e-02
1.597276562656943857e-02
1.598922323750116142e-02
1.602486083116845539e-02
1.602702497631766296e-02
1.610918366751192335e-02
1.613574161067673346e-02
1.615199824811125104e-02
1.616084000818338029e-02
1.617003790382695247e-02
1.617010141124104738e-02
1.620481580130742755e-02
1.622387313616354201e-02
1.627849169003113897e-02
1.635830699803256932e-02
1.640606446097796212e-02
1.642580862545590936e-02
1.643824152554405199e-02
1.650750833833547135e-02
1.656101181131411013e-02
1.657939762677412138e-02
1.662979912552774164e-02
1.666677449192243213e-02
1.668270411947132825e-02
1.668790655818958371e-02
1.669935362287755173e-02
1.670987771571336156e-02
1.676190420785749272e-02
1.684252993227890530e-02
1.684724076815612495e-02
1.685262807661984732e-02
1.688733341366287916e-02
1.694630311218082996e-02
1.696441890579401118e-02
1.700874251415296010e-02
1.705033978703559758e-02
1.706313545807428347e-02
1.707272738395698708e-02
1.708527140942455586e-02
1.710049427622429771e-02
1.710803179504407495e-02
1.712975381197363173e-02
1.712989610256710621e-02
1.715754883548444368e-02
1.720054334434584220e-02
1.720199766513482234e-02
1.720536817641364971e-02
1.725608845137380568e-02
1.736558549767743681e-02
1.743429478478800490e-02
1.745634321815111092e-02
1.749459639906213518e-02
1.750907637648662848e-02
1.751159318249751948e-02
1.751613924433875411e-02
1.752009070208682129e-02
1.764114187702742545e-02
1.764300234415350221e-02
1.767863554831304931e-02
1.773146059184346063e-02
1.776606329714373184e-02
1.783265554426971197e-02
1.795002434349545276e-02
1.797062388260933091e-02
1.801723633357863591e-02
1.802843433407756366e-02
1.805373952543890687e-02
1.809290339832988342e-02
1.811102066763710730e-02
1.817597621782849129e-02
1.824937273752946440e-02
1.835136424526784618e-02
1.846433787669101226e-02
1.858002630991024973e-02
1.859934245038381492e-02
1.864459636650566896e-02
1.866425422126655187e-02
1.874172439844334209e-02
1.876879648784528926e-02
1.879092933253796380e-02
1.879107164372148878e-02
1.879460580613862702e-02
1.884760852899465197e-02
1.885415205419300674e-02
1.888414228487885274e-02
1.902625251386917682e-02
1.910149832532805764e-02
1.911183358967924809e-02
1.915940888578637757e-02
1.919238114802097536e-02
1.931030487729507722e-02
1.934219529341905247e-02
1.936371109629467235e-02
1.936414446901957992e-02
1.936497996796665566e-02
1.937050122108320560e-02
1.937642400417551383e-02
1.949087341354538080e-02
1.950678668808992003e-02
1.953495453893428282e-02
1.960245425912701678e-02
1.961226945134791899e-02
1.961836558970322247e-02
1.966961775406722915e-02
1.970132007281234429e-02
1.975526522727252474e-02
1.979201331025155081e-02
1.981203935731725221e-02
1.988030098102912605e-02
1.991568047271902175e-02
2.001090782445630670e-02
2.002234541051362698e-02
2.004227915128017901e-02
2.004998630593630982e-02
2.006652779271618503e-02
2.007115495325666188e-02
2.007209131738949687e-02
2.027572545977072982e-02
2.035314095389950673e-02
2.036158123474999040e-02
2.038129717472501184e-02
2.043704658802841453e-02
2.044765899654401795e-02
2.045088089398485603e-02
2.052901050630569560e-02
2.063493023124109843e-02
2.065910342235512120e-02
2.071163399226866667e-02
2.089402462547397879e-02
2.089717995402352174e-02
2.106959503132023806e-02
2.109847083658639155e-02
2.113743801245487886e-02
2.118371624686692101e-02
2.123561081007748971e-02
2.136877844543054114e-02
2.144522734214407075e-02
2.161064201063688309e-02
2.171742326256719674e-02
2.176316323345358836e-02
2.185257754643509659e-02
2.187651817154988992e-02
2.195404694491744080e-02
2.241396613867014873e-02
2.245715708144389172e-02
2.262920687857228677e-02
2.266430882048652354e-02
2.276312971040101579e-02
2.284269205013850917e-02
2.293133789204733833e-02
2.297739000247515234e-02
2.303593579854642387e-02
2.310847402272673407e-02
2.334511493662543360e-02
2.348794385621461728e-02
2.350456214957278786e-02
2.352544284402062827e-02
2.357045928053963513e-02
2.369716587722392812e-02
2.371787522544749685e-02
2.383056880640021732e-02
2.389093750395892071e-02
2.422361075618557902e-02
2.435428535785323645e-02
2.438645442005792432e-02
2.440043754595999301e-02
2.441901851657705957e-02
2.463156450243056753e-02
2.468687142760194950e-02
2.468885210376483771e-02
2.471586613428580770e-02
2.471884806834076867e-02
2.490725645497135834e-02
2.494079081812071788e-02
2.494389426558066281e-02
2.495043276794205178e-02
2.515573492215210719e-02
2.521824690900523538e-02
2.522596985674712550e-02
2.541780871408274786e-02
2.545755949083193873e-02
2.563997162333322977e-02
2.568743998219557775e-02
2.576742094165707445e-02
2.577328479147764431e-02
2.581223408910116382e-02
2.598110994606187690e-02
2.625428308141817754e-02
2.629547770754953051e-02
2.638970151354058657e-02
2.653728847480553432e-02
2.678691167508161219e-02
2.679451290491773399e-02
2.772205953565759842e-02
2.791797312944494999e-02
2.808743030708385491e-02
2.834401699865845420e-02
2.867153622319752390e-02
2.949487770414193147e-02
2.977638319232976671e-02
2.981557767888323718e-02
2.987006916864230754e-02
3.018490816765103182e-02
3.028633670003484310e-02
3.046700805965490283e-02
3.077479576386721663e-02
3.129153909564642844e-02
3.156397895242504803e-02
3.161150848020464338e-02
3.189748455754923273e-02
3.192245692673027074e-02
3.224086584271480815e-02
3.272251754520094646e-02
3.346383100702942509e-02
3.352739095807660136e-02
3.388932960138898304e-02
3.392344348317676700e-02
3.397930924136253333e-02
3.481354096057379804e-02
3.498367262328240523e-02
3.502994937035088657e-02
3.515059375866463887e-02
3.522108482769669563e-02
3.534589715254814191e-02
3.562506138638861508e-02
3.583557656663843155e-02
3.604680204717120723e-02
3.625797244807506259e-02
3.631463176549091371e-02
3.663118028613100707e-02
3.690694109232616621e-02
3.770077389854215033e-02
3.809896259066759133e-02
3.854235566709646871e-02
3.871394403481073082e-02
3.933136225368899508e-02
3.942647718357746023e-02
3.986310503437932168e-02
4.027310393587777565e-02
4.077766194163830182e-02
4.083619928097519808e-02
4.097192064153570151e-02
4.109449993337886686e-02
4.148818021573291714e-02
4.153871175255993697e-02
4.154161046235867877e-02
4.167107714207388819e-02
4.230314309965085839e-02
4.381769716178959134e-02
4.398459630720102931e-02
4.419993482297315812e-02
4.530054352216743990e-02
4.531303955084377971e-02
4.539523577756848782e-02
4.648966394592850965e-02
4.788289628488218846e-02
4.845105358416913061e-02
4.857791314786533143e-02
4.863178932835491436e-02
4.864835992591390323e-02
4.874470861632042989e-02
4.884273693114690729e-02
4.909650096006750591e-02
4.919713560759593485e-02
4.974501753760220829e-02
5.089653471499736015e-02
5.099096971514370524e-02
5.105062897260265187e-02
5.762241032751676262e-02
5.835011899997367968e-02
5.949724285815569808e-02
6.013838636317257041e-02
6.016002602760610329e-02
6.056100636968797524e-02
6.130068627479617893e-02
6.246153932545339682e-02
6.408334792764819321e-02
6.801647538581820363e-02
6.878938876664626723e-02
7.088135382264208750e-02
7.146399574720567471e-02
7.164713163954013198e-02
7.645917270906045504e-02
8.198950861757536845e-02
8.212936683346470923e-02
8.514084312845285329e-02
9.010711306741310544e-02
9.015303891671339054e-02
9.621255319339606926e-02
9.926744307352179664e-02
1.070331387574987858e-01
1.174221112049411569e-01
1.328073031785242664e-01
1.368918530342702333e-01
1.397957715937231116e-01
1.407602779193088405e-01
8.773783187193956445e-01
