3.769712794000000144e+00
3.787164322000000194e+00
4.595381882999999945e+00
5.039811362000000017e+00
5.340162527000000381e+00
5.437923946999999814e+00
8.722720717999999707e+00
8.917517534999999995e+00
9.256134489000000798e+00
9.616751715999999561e+00
1.294012908999999922e+01
1.342465224000000035e+01
1.425146598000000076e+01
1.483246001000000014e+01
1.527879341999999951e+01
1.611828428999999829e+01
1.741916992000000164e+01
1.746597938000000028e+01
1.892542787000000004e+01
1.946460928999999851e+01
2.260612597000000079e+01
2.335465984000000006e+01
2.366782759999999897e+01
2.528825047999999853e+01
2.685659129000000078e+01
2.907381545999999872e+01
3.037990762000000089e+01
3.044219127999999941e+01
4.299951502999999775e+01
6.794082446999999547e+01
