4.049750036191933529e-03
4.372547433556956895e-03
4.510892887671780552e-03
4.511975144300917236e-03
4.544293283874133865e-03
4.682883941384678207e-03
4.776451802921109074e-03
4.970242574338964124e-03
4.977058020769318039e-03
5.037949232229166352e-03
5.041383104765437620e-03
5.061822710160801368e-03
5.108430590200942548e-03
5.126249299518670539e-03
5.176079721624777391e-03
5.221943385274840400e-03
5.257411717196795037e-03
5.307091916657218772e-03
5.333695070294115423e-03
5.341193807270633309e-03
5.401571683616239114e-03
5.437007436152074304e-03
5.473514430329148688e-03
5.549773385767851723e-03
5.551495795270554312e-03
5.552958838850359166e-03
5.556478819082056632e-03
5.565399032793707373e-03
5.579209069520779662e-03
5.581828482054468875e-03
5.582510945278932983e-03
5.621283693279997135e-03
5.626827798212449307e-03
5.628206158816263273e-03
5.651003463045241836e-03
5.708657409752032445e-03
5.768705510929233657e-03
5.866014301745098650e-03
5.867004436525768973e-03
5.870580159096467146e-03
5.879630570020777380e-03
5.908953927080032309e-03
5.924890223739333849e-03
5.939061868219555965e-03
5.944882374227016854e-03
5.945666419566199984e-03
5.946312499035619724e-03
5.967065578410177089e-03
5.980817303485202498e-03
5.999030935945877038e-03
6.014610187393787215e-03
6.094206764591044573e-03
6.114223266705856412e-03
6.119056549178197163e-03
6.121719173482642606e-03
6.127042873884344307e-03
6.130571376133428681e-03
6.139144678018929220e-03
6.161273862574185786e-03
6.199914455659299301e-03
6.205044058381167793e-03
6.212108674042960375e-03
6.213238926515689091e-03
6.215676588678035845e-03
6.221867278969219102e-03
6.233589567121582652e-03
6.236619250737485132e-03
6.245135899257215316e-03
6.245367878106525793e-03
6.279636090453370387e-03
6.282367593761274162e-03
6.317388446034713674e-03
6.414950771050922755e-03
6.421971424325583627e-03
6.423461904020654444e-03
6.425029622490962058e-03
6.433322020084201662e-03
6.439144953894484179e-03
6.473113609420503602e-03
6.527615863382235130e-03
6.536417715441205506e-03
6.575884781147641085e-03
6.583330374425367532e-03
6.583712421518101918e-03
6.585146459873921984e-03
6.616539819490759380e-03
6.620250356631119867e-03
6.632446374415050354e-03
6.641331241424719076e-03
6.641832289637454936e-03
6.658711236128419218e-03
6.679947330957139613e-03
6.681144812394563051e-03
6.685545593343385044e-03
6.688848839457105233e-03
6.707579510039970300e-03
6.710811004851052405e-03
6.718566130817998396e-03
6.720756421319513604e-03
6.722708651179506133e-03
6.725467949948730519e-03
6.731700797166630633e-03
6.739932672071864868e-03
6.747573321778701540e-03
6.762188991452006137e-03
6.769697567591128479e-03
6.782282589829220776e-03
6.787624920133798062e-03
6.796340229609388467e-03
6.805294464165622531e-03
6.832398876126027573e-03
6.837778108711573682e-03
6.838524767168860895e-03
6.873484996150091252e-03
6.873943785067568660e-03
6.875332545611960618e-03
6.876599663154884905e-03
6.938617463068542934e-03
6.951766592232210169e-03
6.953369348708363443e-03
6.959605209027613579e-03
6.964286762705785769e-03
6.967680947105600944e-03
6.970781107508293613e-03
6.976024841513810831e-03
6.978299918403998124e-03
6.981124407287076471e-03
6.982127276002802509e-03
6.986574882670933476e-03
6.989779283400359387e-03
7.001308458276961008e-03
7.030618608393185420e-03
7.051084426278201103e-03
7.054932809809088580e-03
7.057152446435199268e-03
7.066603045203449784e-03
7.074651291687330049e-03
7.077073899951524458e-03
7.092926120050980707e-03
7.108479975700924582e-03
7.111943693300214892e-03
7.143628646951828004e-03
7.152786581878448589e-03
7.170076417581860637e-03
7.175353599388344279e-03
7.186626609844319787e-03
7.195509532287727890e-03
7.198307122888479917e-03
7.212191607646393880e-03
7.226324155880560311e-03
7.227066857938503966e-03
7.229856619073929055e-03
7.236414019189073982e-03
7.244793547999756056e-03
7.245786563728704062e-03
7.256439346974691978e-03
7.266496121144772058e-03
7.276052480117214949e-03
7.282837426513995467e-03
7.283881637879298723e-03
7.299266450596219626e-03
7.312451902158484396e-03
7.317038103008990761e-03
7.333158261848521375e-03
7.340862827191162003e-03
7.372752332761162153e-03
7.375722381675270736e-03
7.385636994390686223e-03
7.416253975490782156e-03
7.423832416997988223e-03
7.431194846596776531e-03
7.435925435932477096e-03
7.445227453564574362e-03
7.447170420534996067e-03
7.453998567544655243e-03
7.461695952924824078e-03
7.481669274915600520e-03
7.494155468939149405e-03
7.520800503803133988e-03
7.529403679455698786e-03
7.571697459513367957e-03
7.580534619001084648e-03
7.583945720619417359e-03
7.587095041426701776e-03
7.613470001536458247e-03
7.636016835712911011e-03
7.661806110854276451e-03
7.676614311238014535e-03
7.690952681781157603e-03
7.718033042782013187e-03
7.754826374893564363e-03
7.776564421769575561e-03
7.786933771770670164e-03
7.790165581172035780e-03
7.810888046648932319e-03
7.811469506425723110e-03
7.814739449155864645e-03
7.817227893843696485e-03
7.820478477609438608e-03
7.834328270988351328e-03
7.840709159178588239e-03
7.867769548036833080e-03
7.884675610930612366e-03
7.902396041542997240e-03
7.912906069685816945e-03
7.933867863931473932e-03
7.938083906713459814e-03
7.954879117502103303e-03
7.957449810337828208e-03
7.971267851009693900e-03
7.988136270413847412e-03
7.995143696430844979e-03
8.005471836382397482e-03
8.012248516509253363e-03
8.017328649521081665e-03
8.041904270676745667e-03
8.043542165818413567e-03
8.064993278286204312e-03
8.074741789797139010e-03
8.077435683874601910e-03
8.086336789224468288e-03
8.099473136644311580e-03
8.122361422519827970e-03
8.128040098333823293e-03
8.145213527782585103e-03
8.164941262022903587e-03
8.165091403857004451e-03
8.169429740670152568e-03
8.170618068319021599e-03
8.171920013446236364e-03
8.176247863247831926e-03
8.181085693425302688e-03
8.184108155319905209e-03
8.190474638916200867e-03
8.222370585407753202e-03
8.225807479004509579e-03
8.226694951879600856e-03
8.244907055018492470e-03
8.283346816518691660e-03
8.285853909383749868e-03
8.306023625796380913e-03
8.310964907470031957e-03
8.346408931913929310e-03
8.346617375030770947e-03
8.363064528849422502e-03
8.376127236697181525e-03
8.387670417558926519e-03
8.391015589141506345e-03
8.396609230030487037e-03
8.412474697122409792e-03
8.412913891224421681e-03
8.415754121190709494e-03
8.420681251260449252e-03
8.430163198612172781e-03
8.440493348106158783e-03
8.455623099008319557e-03
8.456224179071492042e-03
8.463856462038671716e-03
8.464692054026749443e-03
8.478210673106735193e-03
8.480267739625825529e-03
8.482598301315393691e-03
8.499342561435311444e-03
8.504604064182961706e-03
8.509846040281663151e-03
8.530127933387639944e-03
8.533950831069152948e-03
8.540963334409259339e-03
8.541125989542968505e-03
8.545585614590922932e-03
8.545991442110644279e-03
8.550941639373440747e-03
8.552986186409965857e-03
8.587451231280775199e-03
8.604497412532703324e-03
8.607216672526736556e-03
8.624099275381083909e-03
8.629252985964432077e-03
8.669604278221741678e-03
8.677943841262091701e-03
8.704467189412505232e-03
8.706469387273249594e-03
8.725210578166388634e-03
8.741400697867978548e-03
8.754616613631867328e-03
8.772347616483983437e-03
8.783786387413970720e-03
8.786786748462990793e-03
8.792243091330649574e-03
8.811818626632475851e-03
8.812082298253988075e-03
8.815420162910704918e-03
8.825245565585667501e-03
8.825837291115202696e-03
8.833850309395669537e-03
8.840462048283233634e-03
8.856888345558431089e-03
8.865115625740466188e-03
8.874821268361360663e-03
8.880699455928587130e-03
8.883482985502835425e-03
8.903967994878764919e-03
8.930388204808143576e-03
8.942989336740474193e-03
8.954604058581609738e-03
8.984017941458283252e-03
8.995839623272246580e-03
9.018788868907117937e-03
9.027910287065871175e-03
9.029999573113723504e-03
9.038111612461150954e-03
9.055754020426461798e-03
9.058497417208951838e-03
9.060413886060039376e-03
9.075694301988311563e-03
9.076775301806071922e-03
9.080058178293793150e-03
9.091452792495942001e-03
9.101730589600070739e-03
9.107866350937899452e-03
9.112595342749330030e-03
9.129340861536118165e-03
9.141334769317825681e-03
9.163611185762584460e-03
9.185793807202816130e-03
9.188055808939532207e-03
9.201036125548772010e-03
9.206736550893197465e-03
9.215104195345933877e-03
9.245665884685838609e-03
9.255649802991913755e-03
9.257882732863468092e-03
9.259078107779742176e-03
9.285329098194039857e-03
9.299024797354393801e-03
9.301684337978543757e-03
9.330466378091229265e-03
9.337333448439505759e-03
9.347973485766949975e-03
9.357047973385287584e-03
9.388525085536777309e-03
9.425504209811802828e-03
9.440020191069407179e-03
9.446399340238106207e-03
9.446660606347844283e-03
9.453513672133461929e-03
9.455281112342076022e-03
9.459147497417922171e-03
9.465919179629205329e-03
9.480893955863481035e-03
9.482318126609037487e-03
9.503083884911816409e-03
9.506547895523851863e-03
9.545191955080890855e-03
9.549862619047480919e-03
9.556521545006817567e-03
9.565484322817299767e-03
9.568146102772083841e-03
9.569572589681456590e-03
9.575645535808256087e-03
9.575741788633674451e-03
9.578443133880516769e-03
9.586310677743388117e-03
9.590165381766329808e-03
9.604789565976675977e-03
9.614478268538638461e-03
9.627570627661997255e-03
9.631579477886677634e-03
9.642869730695511135e-03
9.667032475025205684e-03
9.678196956208112711e-03
9.692404821541596854e-03
9.702190696890607147e-03
9.710307258895560859e-03
9.716793205668211239e-03
9.721666672242102597e-03
9.738600654913305912e-03
9.765308600923599397e-03
9.767656944308911876e-03
9.789462242133679937e-03
9.789658699641773029e-03
9.800142663469112517e-03
9.816005569960624746e-03
9.826518305417033042e-03
9.828389564634646205e-03
9.830639711081966270e-03
9.832818294500271505e-03
9.862777773330598866e-03
9.881649112971197663e-03
9.887497215171632547e-03
9.889131322119453296e-03
9.891978496413414770e-03
9.904790745171188765e-03
9.907919472821793277e-03
9.909180166836024234e-03
9.913132804615169477e-03
9.927915702644682719e-03
9.931661199117839886e-03
9.935790254185925680e-03
9.936506994039841223e-03
9.984832090737451316e-03
9.991660481330717769e-03
9.993128087920487290e-03
9.994309194628391360e-03
1.000491648861706780e-02
1.001141134730539235e-02
1.001590450442762723e-02
1.002442625900335123e-02
1.003254038402352603e-02
1.004392232478915938e-02
1.004784120141600026e-02
1.006912150638203211e-02
1.008453124072332570e-02
1.008795556792583398e-02
1.008870016831888046e-02
1.009696742774519526e-02
1.009700029124305405e-02
1.009731348670367054e-02
1.011576346686164640e-02
1.012464755799657827e-02
1.014547675887389304e-02
1.015444123504245441e-02
1.015840386524457205e-02
1.016080988362142584e-02
1.016349941852142530e-02
1.017810215583892994e-02
1.017918865805077407e-02
1.017990307273274227e-02
1.019040254559971763e-02
1.019735513014736160e-02
1.021057876670988102e-02
1.023346194574134387e-02
1.025068013468697151e-02
1.025292101146567728e-02
1.028137858148818820e-02
1.028949476028245130e-02
1.029224679024045089e-02
1.029745166556248273e-02
1.030208034092603732e-02
1.030736286558035612e-02
1.030851431706264650e-02
1.031573715405693231e-02
1.032033395145889008e-02
1.035152472147929555e-02
1.035922366047439466e-02
1.037938336746430969e-02
1.040876516628044292e-02
1.041362792269836385e-02
1.042596633381969243e-02
1.043577300083435751e-02
1.043926273134610991e-02
1.044858761573754999e-02
1.046630182269873803e-02
1.046696553788676459e-02
1.047052201878730798e-02
1.047700912446141927e-02
1.048318455962991662e-02
1.048355696228351654e-02
1.049445311226740452e-02
1.050843363386281572e-02
1.050863249407964911e-02
1.051599216061746035e-02
1.053299230648001121e-02
1.055098560081734957e-02
1.058173501294083427e-02
1.058681278348374936e-02
1.058957176818702342e-02
1.059876343271310903e-02
1.062620136915190180e-02
1.062782860533805114e-02
1.063057292934701907e-02
1.063307399260856115e-02
1.063917192852357682e-02
1.064117405491588238e-02
1.065872497678939726e-02
1.065896557271147661e-02
1.065956232860054177e-02
1.066025277870402167e-02
1.067369638511164211e-02
1.067962656897078477e-02
1.068181167583579817e-02
1.069884269594830427e-02
1.070212532280956537e-02
1.072268981820753350e-02
1.072688530593883180e-02
1.074048930510264864e-02
1.075232411844778864e-02
1.075792434732851001e-02
1.076071901825123925e-02
1.076681105740943944e-02
1.077366506138392396e-02
1.078957474462326378e-02
1.079109454065492989e-02
1.081379338266571545e-02
1.082726328952778733e-02
1.086887852948533080e-02
1.087848000689394141e-02
1.089501310619295053e-02
1.091411454916490359e-02
1.100445279524398662e-02
1.100889469694059895e-02
1.104120956371075837e-02
1.104152655887016138e-02
1.104950168118373592e-02
1.108168456097877001e-02
1.108780852444154856e-02
1.111074035257632320e-02
1.112039422402983334e-02
1.115939383055191553e-02
1.118890657558752923e-02
1.119567444558874046e-02
1.119568632224579759e-02
1.122065440964007711e-02
1.123314986485342455e-02
1.124357925792604691e-02
1.125380411239542897e-02
1.125393045338055238e-02
1.125764188549401024e-02
1.127276828604557163e-02
1.129146736733559371e-02
1.130156843650752946e-02
1.130967169096561836e-02
1.131298484476211431e-02
1.133854024320752295e-02
1.136077728075116783e-02
1.138807804389552550e-02
1.139850534649643199e-02
1.140677257221580157e-02
1.140704640911275290e-02
1.141013708080015204e-02
1.141088180076483931e-02
1.142261858863413172e-02
1.143593482489582008e-02
1.144298376382872975e-02
1.144904887942182516e-02
1.146937173504885589e-02
1.147035399355558066e-02
1.148055372504869394e-02
1.148640452564835338e-02
1.149879039271526487e-02
1.151470019826059989e-02
1.151578756048043245e-02
1.153348268672272324e-02
1.153769088235876220e-02
1.154172556122783425e-02
1.155339144199886599e-02
1.155767962844707862e-02
1.156578706915402377e-02
1.160122744126637802e-02
1.160355977854169232e-02
1.162330306645257758e-02
1.164927757501516697e-02
1.166681666425915809e-02
1.169230651792047861e-02
1.169426367266936800e-02
1.169980081933384188e-02
1.170976508746640783e-02
1.171510869230184444e-02
1.172678605455144789e-02
1.172870366157165341e-02
1.173167328267154912e-02
1.178875349726010886e-02
1.179134871533985170e-02
1.180303423055228777e-02
1.180536665970077954e-02
1.180783472350772044e-02
1.183295337629345668e-02
1.184293273382456060e-02
1.184876769410805539e-02
1.187593199412614181e-02
1.189091351967051270e-02
1.190712268471847551e-02
1.194305608861406277e-02
1.198620498551473783e-02
1.201139662075388984e-02
1.203480813610444296e-02
1.206954975157066914e-02
1.208848064003018377e-02
1.210094745368581366e-02
1.213612941239446824e-02
1.213706083200109635e-02
1.215865421979372800e-02
1.218425869991372930e-02
1.219460715047259065e-02
1.219790208692034597e-02
1.219905315743733190e-02
1.220896714699732342e-02
1.224488794980402653e-02
1.225242937589200547e-02
1.225973944326129959e-02
1.226548976464176578e-02
1.226950644455479175e-02
1.227951406037547551e-02
1.230691500121735074e-02
1.231594491030679056e-02
1.234563686301182357e-02
1.235461939594803375e-02
1.236140347654745598e-02
1.236350161649363462e-02
1.238132119015500528e-02
1.240739203743039011e-02
1.244228593381298265e-02
1.247720981734114394e-02
1.248146294522821213e-02
1.248677501667196099e-02
1.250595539523358286e-02
1.255643348813860992e-02
1.261774693050521021e-02
1.272545788182671313e-02
1.278020732368796535e-02
1.279187249527791344e-02
1.283683647401022421e-02
1.285146518655644679e-02
1.287026486780482731e-02
1.287651278322602712e-02
1.291348622346110905e-02
1.293635889585407171e-02
1.293935638728638433e-02
1.294204973613807472e-02
1.294224888270263836e-02
1.297074364519709352e-02
1.299432398285593412e-02
1.302469119380544882e-02
1.304125621258749208e-02
1.304855546354123479e-02
1.305851828583557382e-02
1.306450257470527683e-02
1.308642491008455387e-02
1.308985539674851865e-02
1.311477178289108432e-02
1.318273249687454754e-02
1.321788015398111735e-02
1.322885314669767359e-02
1.328699581509683834e-02
1.328758522504516759e-02
1.329648335565651249e-02
1.331155667750330736e-02
1.333206350189355439e-02
1.334720908829503845e-02
1.334849598150420619e-02
1.335805075034423271e-02
1.336064032785704188e-02
1.338927084936333313e-02
1.340013843288959984e-02
1.341224907638765076e-02
1.345613457401239471e-02
1.348353071677881737e-02
1.351387839832293887e-02
1.354591010993001429e-02
1.355974306192568764e-02
1.357072944389186263e-02
1.359522243662761830e-02
1.360967682274766451e-02
1.361799322853910268e-02
1.362282798936583807e-02
1.362397705559021711e-02
1.362746159325906557e-02
1.364594748374468869e-02
1.369386616796549466e-02
1.369406990726801387e-02
1.369685916608411221e-02
1.371270822235592414e-02
1.374741882892453922e-02
1.375563271621648397e-02
1.375908861173136266e-02
1.380674874007942372e-02
1.382876452125548182e-02
1.382929858136200049e-02
1.382957241099667944e-02
1.383238398251061471e-02
1.384786421899198046e-02
1.388113052869717652e-02
1.390567946434259454e-02
1.392192774459180549e-02
1.392680093699516161e-02
1.392754315061204597e-02
1.393853297529150902e-02
1.400510228785715842e-02
1.409049910016909463e-02
1.409841598152194141e-02
1.410985754537370102e-02
1.412454850569357621e-02
1.412579765565448627e-02
1.414008656362177214e-02
1.418851746620302529e-02
1.424539034908218517e-02
1.425272898138922086e-02
1.426324837403691002e-02
1.428037926838238679e-02
1.429270993169212862e-02
1.435310457459138163e-02
1.446924447322735056e-02
1.446931234921788011e-02
1.447986480943515807e-02
1.456737325542709245e-02
1.458623498945832778e-02
1.459412657876853377e-02
1.459811396297978903e-02
1.461021081275942941e-02
1.461631510613550268e-02
1.468651112623937764e-02
1.468980412587415386e-02
1.470341380485654798e-02
1.472721337900459102e-02
1.475352294103450188e-02
1.477543234659785612e-02
1.477714793222375221e-02
1.478990213853071702e-02
1.479194344889330111e-02
1.479315962345956192e-02
1.480943099944865594e-02
1.482298085204328958e-02
1.483812860072703660e-02
1.485771797077262146e-02
1.486370750074750280e-02
1.486371797435711781e-02
1.493521511186618467e-02
1.494651704961374138e-02
1.496237423643534403e-02
1.498691538464882837e-02
1.499252467304452129e-02
1.500971774233923577e-02
1.511757519513262822e-02
1.513663286788781773e-02
1.513787583814146624e-02
1.519702839719831722e-02
1.524197994705448790e-02
1.528236339096105019e-02
1.531990890050686886e-02
1.532256615172864454e-02
1.533437002676793677e-02
1.536275531434373905e-02
1.538887919224529374e-02
1.539081750456384144e-02
1.539225840057675126e-02
1.541714220833368711e-02
1.543516565581721720e-02
1.546889521356078871e-02
1.547318268084659637e-02
1.549138593089383238e-02
1.550233837649289161e-02
1.551320146095333356e-02
1.555258652273299597e-02
1.555602986508367210e-02
1.558792008871594074e-02
1.559655728980522890e-02
1.563280011755044038e-02
1.563970627666639440e-02
1.568873319485969420e-02
1.573559343690172224e-02
1.585393242275665027e-02
1.585476065124903980e-02
1.588201677149748275e-02
1.591867149798487091e-02
1.597627854043991158e-02
1.602992245435798033e-02
1.606016263663645471e-02
1.610232822124266217e-02
1.612629763637285149e-02
1.614000148100798102e-02
1.620073621379994680e-02
1.625394868877892349e-02
1.626377261084004100e-02
1.627243113205308414e-02
1.630949155530315303e-02
1.634035826785288151e-02
1.643207311444861221e-02
1.643847211984328024e-02
1.644351173798772742e-02
1.648936508554955591e-02
1.650550702427869970e-02
1.651012999660237540e-02
1.651657762693021017e-02
1.657506093917114620e-02
1.659198117039601891e-02
1.659674898228475845e-02
1.673895453562148153e-02
1.674300651182009797e-02
1.674920214840469254e-02
1.678522432048164606e-02
1.682290595329202776e-02
1.684808571071709504e-02
1.690572695554008395e-02
1.690917702822677948e-02
1.697264606451775321e-02
1.697304211634412946e-02
1.699541616584110404e-02
1.704439252573388547e-02
1.708221201435132855e-02
1.709028828370020084e-02
1.712384837857600095e-02
1.712639265120610363e-02
1.715250892280070424e-02
1.725816237106377743e-02
1.731366765238641012e-02
1.738489305647616251e-02
1.739397381575277790e-02
1.740827134908070131e-02
1.747515586462368431e-02
1.748973242045089027e-02
1.749891809411265736e-02
1.753777197074985958e-02
1.775840719481872054e-02
1.782722259189908898e-02
1.784890760461722153e-02
1.786283485259115497e-02
1.787055386203596080e-02
1.787556653578703178e-02
1.790086730672650270e-02
1.791523427337868291e-02
1.792444889661180818e-02
1.802174302114534221e-02
1.806897475678841125e-02
1.807867627924280088e-02
1.808307653560963998e-02
1.813527310401811046e-02
1.813598661517325933e-02
1.815395533720971441e-02
1.816651760049568451e-02
1.823896923477863474e-02
1.833572443813601821e-02
1.836410820093168153e-02
1.843011564503659397e-02
1.847760502440013580e-02
1.850235726821871166e-02
1.855083413079250051e-02
1.857338152069477194e-02
1.859072074758564425e-02
1.859391304993757155e-02
1.859646872805960360e-02
1.861873975995294653e-02
1.864027497326961255e-02
1.866299271087014378e-02
1.866829015276850676e-02
1.877098717431520403e-02
1.878522865625498195e-02
1.879663301075829018e-02
1.880853149171143532e-02
1.881127857881111781e-02
1.886061978634149400e-02
1.887414543022023286e-02
1.889797233656444891e-02
1.891552331494103512e-02
1.892666214061547447e-02
1.903113699064594780e-02
1.903145781599153291e-02
1.911819021576193975e-02
1.915077115698621615e-02
1.924159620062046092e-02
1.925655691831777705e-02
1.927683061432076961e-02
1.943806276287120272e-02
1.953532238169559260e-02
1.960396769035972070e-02
1.962450230274785656e-02
1.968009777730553300e-02
1.970524823171818790e-02
1.987762317331414133e-02
1.987922034095208207e-02
2.004025871866425487e-02
2.017747793392459313e-02
2.021180362757191845e-02
2.031521473931847607e-02
2.032992413506806706e-02
2.043036761684174918e-02
2.045851875544443463e-02
2.048283371805465283e-02
2.048436790683592565e-02
2.057332566301070184e-02
2.063740880551201071e-02
2.070332107636412705e-02
2.071365601376522203e-02
2.072279133129275447e-02
2.089250712117207351e-02
2.091751670240217867e-02
2.094553839670845394e-02
2.096081845193897841e-02
2.098715229599396395e-02
2.110091571105585442e-02
2.111132172783310862e-02
2.124422201019562223e-02
2.128789438689035127e-02
2.129754787940547553e-02
2.132857698091240525e-02
2.136983429327839884e-02
2.137213299744848694e-02
2.142133015120573775e-02
2.148175319494069826e-02
2.148948027798113641e-02
2.159641661621981498e-02
2.159774019326669500e-02
2.196125442207718520e-02
2.202624593616993309e-02
2.210726318834078247e-02
2.225186406760755464e-02
2.229774754662961281e-02
2.248243848855083216e-02
2.249039222509392755e-02
2.254807465623525145e-02
2.311837053555070368e-02
2.314338609374538488e-02
2.315100061860885308e-02
2.318324236429185337e-02
2.339688317436966480e-02
2.371003457226993072e-02
2.378243695104381369e-02
2.383085844828838895e-02
2.395602896120991449e-02
2.423150492751344545e-02
2.424883254076048988e-02
2.424888667642825443e-02
2.427777504686727192e-02
2.434204945268688552e-02
2.460597330682208483e-02
2.464888919148153570e-02
2.512253403434910881e-02
2.514025260479220425e-02
2.529873438539703007e-02
2.535447651080033338e-02
2.563832484821381222e-02
2.565058988390062078e-02
2.579152456735682095e-02
2.584863551823361749e-02
2.617781885350866505e-02
2.634792179011660393e-02
2.635866265400453601e-02
2.639186604962680607e-02
2.647245223356368277e-02
2.664956269939275368e-02
2.666832974859693547e-02
2.679806555901729712e-02
2.680800263928569127e-02
2.685741436304886140e-02
2.717094402370414177e-02
2.720498121631019159e-02
2.725685240536868809e-02
2.762478315645771829e-02
2.765389923510878228e-02
2.790035211575476667e-02
2.799696399769995361e-02
2.806781318029581002e-02
2.814741148456586378e-02
2.820076234384600797e-02
2.830018149010355907e-02
2.861980359160577400e-02
2.862636451669624271e-02
2.896389668902817419e-02
2.931004989334296332e-02
2.943369303223665814e-02
2.955680204710762690e-02
2.962002968142242801e-02
2.997357366416810234e-02
3.017526245197335241e-02
3.046420715070944155e-02
3.048087121817641409e-02
3.070860048191105876e-02
3.077905023027759784e-02
3.082489459743073534e-02
3.085837414441063714e-02
3.113793893139428504e-02
3.134871308895535030e-02
3.192523717143944811e-02
3.237483684736938011e-02
3.238671054352328105e-02
3.259285496423751372e-02
3.286714705515024482e-02
3.303435723302203947e-02
3.308905600317151724e-02
3.353116298344335777e-02
3.369472499470829718e-02
3.430868048305340395e-02
3.443249197018132673e-02
3.448509209152388760e-02
3.453571589875512049e-02
3.469105590105232145e-02
3.522784477304052864e-02
3.573866214831917382e-02
3.645847716310752357e-02
3.656276578385159182e-02
3.689422847213771894e-02
3.697639695202454418e-02
3.746776381886222224e-02
3.782740253980565459e-02
3.808376884836340431e-02
3.850550426889601252e-02
3.866358261270473606e-02
3.891326841049079499e-02
3.894824161482389469e-02
3.921605440749413585e-02
3.923882318313935691e-02
3.944433953319037567e-02
4.009923442405491367e-02
4.042888610410930866e-02
4.043583344151010367e-02
4.071895465121081609e-02
4.287476720441218969e-02
4.344900491442517387e-02
4.403905469345858331e-02
4.434818502229581627e-02
4.520420595407679404e-02
4.645548518364574914e-02
4.675325320533211398e-02
4.786881195241841913e-02
4.896622880115690524e-02
4.904317843893706702e-02
5.016456642559798118e-02
5.143150798438937688e-02
5.303800820648572889e-02
5.635133490478303614e-02
6.074640352999015336e-02
6.359830959111752169e-02
6.373128373976114092e-02
6.546192169190918897e-02
7.449674658633258229e-02
8.261081718882092029e-02
9.667801362878115923e-02
9.838332711388798890e-02
1.037315740259639046e-01
1.041594811127796033e-01
1.042493326431155470e-01
1.181142813582858886e-01
1.400296280492862033e-01
1.403936036763285267e-01
2.486910833617257954e-01
