7.799999999999999989e-02
7.799999999999999989e-02
7.900000000000000078e-02
1.580000000000000016e-01
3.160000000000000031e-01
3.960000000000000187e-01
3.960000000000000187e-01
4.719999999999999751e-01
5.520000000000000462e-01
6.280000000000000027e-01
6.330000000000000071e-01
7.069999999999999618e-01
7.139999999999999680e-01
8.679999999999999938e-01
9.529999999999999583e-01
1.014000000000000012e+00
1.102999999999999980e+00
1.181999999999999940e+00
1.217000000000000082e+00
1.233000000000000096e+00
1.258999999999999897e+00
1.500999999999999890e+00
1.598999999999999977e+00
1.647999999999999909e+00
1.747999999999999998e+00
2.000999999999999890e+00
2.422000000000000153e+00
2.810999999999999943e+00
3.169999999999999929e+00
3.467999999999999972e+00
3.621999999999999886e+00
3.781000000000000139e+00
4.171999999999999709e+00
4.605000000000000426e+00
4.649000000000000021e+00
6.190999999999999837e+00
6.224999999999999645e+00
6.833000000000000185e+00
7.628999999999999559e+00
8.276999999999999247e+00
9.736000000000000654e+00
1.176299999999999990e+01
1.392200000000000060e+01
