# two par
3.586385467396709381e-01
3.839743062674011442e-01
3.913884531017770008e-01
4.041607778220538405e-01
4.096509186877519415e-01
4.237700829674512226e-01
4.491230060663763402e-01
4.559324163835949406e-01
4.579844979502662450e-01
4.679656045456607738e-01
4.722041132153468324e-01
4.744746871622835260e-01
4.797015112464830255e-01
4.807146287834365150e-01
4.827801026686460717e-01
4.831797543854209898e-01
4.853786988149182968e-01
4.857420006520474787e-01
4.878617494742715777e-01
4.895355710259899906e-01
4.927624336551717499e-01
4.962878702573713663e-01
4.992835670778271173e-01
5.029451010836508695e-01
5.085922443165072915e-01
5.087481327019727217e-01
5.184150543201470063e-01
5.186626051651940239e-01
5.191388561902418042e-01
5.239407244357293658e-01
5.242986664692259602e-01
5.248819921136964606e-01
5.261313294470842949e-01
5.286254462995858550e-01
5.289405194998274551e-01
5.330716031239106645e-01
5.338053725104194847e-01
5.348069429982981182e-01
5.355696690207805144e-01
5.356458324943719207e-01
5.366624012066580907e-01
5.372777520975633436e-01
5.375432153627586196e-01
5.380773984898195028e-01
5.429447268628861956e-01
5.440243122049106539e-01
5.447692931034250341e-01
5.466508428243850304e-01
5.503037386709970225e-01
5.511458325527810453e-01
5.516257731732125968e-01
5.523504847913762728e-01
5.537277307050403330e-01
5.575286183621546154e-01
5.575514509248435946e-01
5.582876791558741836e-01
5.588269315799386794e-01
5.599192639326040499e-01
5.601332734674849823e-01
5.612441851282989891e-01
5.618067814697097484e-01
5.622130712863370183e-01
5.631561278862593500e-01
5.635795606857638695e-01
5.643166754642613414e-01
5.653281156674264674e-01
5.659247110619507470e-01
5.679866789489549372e-01
5.691274530460908032e-01
5.698959052023253591e-01
5.737832121046749778e-01
5.747066350065702656e-01
5.766069446491310924e-01
5.803367009654998299e-01
5.814315642930671935e-01
5.816459079079008276e-01
5.820885192975352451e-01
5.829977438047715399e-01
5.846912647819449971e-01
5.849716178143252732e-01
5.879937502970351559e-01
5.884192929867582134e-01
5.898623306651903375e-01
5.916112260431670711e-01
5.925816824977964137e-01
5.932137119776751399e-01
5.935476336248362017e-01
5.940629092781003484e-01
5.945698369386619442e-01
5.947435326550321033e-01
5.951939528201537488e-01
5.956762180349949309e-01
5.961287824839460736e-01
5.966477670460107463e-01
5.991744340165231497e-01
5.996747066258483194e-01
6.015231906854853206e-01
6.023153202776776460e-01
6.044874279430800801e-01
6.048753795232525432e-01
6.050206617147211308e-01
6.061781814866669116e-01
6.062428879157827355e-01
6.070515115360108904e-01
6.081504424252438534e-01
6.090075144247975025e-01
6.091692516111640865e-01
6.093158951709005677e-01
6.105077941943110043e-01
6.107702161182337885e-01
6.124709434844466394e-01
6.126873283408225124e-01
6.131901350179027599e-01
6.144597360538592845e-01
6.156442856287795973e-01
6.169432417112343803e-01
6.178288607481048356e-01
6.187696182250437271e-01
6.204039866866624120e-01
6.204343918436863170e-01
6.212090867857129606e-01
6.220875365988497441e-01
6.225700730526652071e-01
6.230198047475683509e-01
6.236196472804248492e-01
6.238280070880096728e-01
6.244015836429045452e-01
6.258497053715749159e-01
6.263733745528329289e-01
6.265589130662989614e-01
6.266472748836101614e-01
6.278633555772730190e-01
6.281808665399080116e-01
6.287127165321764188e-01
6.290843288401219979e-01
6.291786732119134529e-01
6.293268278974514240e-01
6.295765707254725729e-01
6.301079950695718246e-01
6.305623636394271925e-01
6.305649997184953337e-01
6.309310637697823632e-01
6.312431353171593651e-01
6.323391215499394313e-01
6.329868702591452401e-01
6.331112652957773257e-01
6.336831872617653127e-01
6.342463771147632823e-01
6.349823632835311926e-01
6.359909290662958403e-01
6.368924294469151537e-01
6.369878753695399354e-01
6.376673788157997125e-01
6.383357388312517200e-01
6.388493375644378469e-01
6.388699764751085697e-01
6.393723711801599929e-01
6.395224263366829920e-01
6.402929748777073105e-01
6.417751798563443577e-01
6.419066857552971905e-01
6.419908616359680797e-01
6.421303616307101336e-01
6.445277352675315985e-01
6.449567809642948735e-01
6.454463048459975205e-01
6.457383090760262512e-01
6.466725007609926967e-01
6.467379518823421769e-01
6.470932622419750535e-01
6.480257697326894384e-01
6.480991369915993783e-01
6.488015112888926295e-01
6.492103779302292876e-01
6.526892470444056737e-01
6.546778480192175786e-01
6.546985822609840966e-01
6.548864893194774606e-01
6.549639184445454898e-01
6.569173452034098304e-01
6.577051281473654809e-01
6.577234952410879743e-01
6.580503775364383579e-01
6.580893312811143536e-01
6.583374378784830894e-01
6.584115949533427825e-01
6.585867682078984098e-01
6.590240654197487835e-01
6.595193589510006671e-01
6.598175630161482452e-01
6.620272466487734375e-01
6.623359221307153488e-01
6.623717066151648680e-01
6.626658815796649948e-01
6.629868666560397861e-01
6.631724254583879485e-01
6.635179093969264530e-01
6.639488885089221970e-01
6.649771118364993239e-01
6.649867469343344606e-01
6.687653027225746172e-01
6.690889989347498235e-01
6.696167601262102975e-01
6.706238792820220507e-01
6.712575037308821102e-01
6.728990873523230665e-01
6.740579945750063695e-01
6.745338531109070779e-01
6.758062988476963850e-01
6.760672075391818137e-01
6.768875615262748280e-01
6.769421046924766205e-01
6.771012755919643133e-01
6.773344964641767607e-01
6.784920925030304417e-01
6.790297390604860261e-01
6.790849801712925959e-01
6.798235954256345304e-01
6.809309542335192367e-01
6.814565952426857587e-01
6.815286169739672717e-01
6.817012362263689118e-01
6.817911741269815362e-01
6.821672618520050468e-01
6.821759092940726799e-01
6.824604863584309289e-01
6.824933707754536893e-01
6.839310008255909956e-01
6.841620813030537818e-01
6.843073470693690208e-01
6.847284532714880134e-01
6.848096016601167291e-01
6.854144843441803969e-01
6.865449216682710798e-01
6.868119367398086705e-01
6.873756880846697559e-01
6.876669723329965622e-01
6.881864286861950619e-01
6.883217814933684231e-01
6.883780948887465723e-01
6.886460412051714775e-01
6.897180588276506930e-01
6.900470020844277075e-01
6.900886034018333115e-01
6.929594932719903566e-01
6.936929712386712410e-01
6.950289929216107998e-01
6.958191265846506157e-01
6.959134355576274134e-01
6.962053380153065962e-01
6.964231076393940789e-01
6.965023902298235203e-01
6.965470973337212213e-01
6.974697182004796492e-01
6.990999280851903919e-01
6.992810124191813914e-01
6.998894444186233299e-01
7.000500356000555202e-01
7.013386386863976751e-01
7.034069646622437277e-01
7.037775593083678283e-01
7.046583367172399859e-01
7.064382146286248831e-01
7.072552712563612287e-01
7.076546493321227427e-01
7.084811621028083151e-01
7.085709731295947167e-01
7.086586930393278250e-01
7.091918473713033633e-01
7.092409658401047645e-01
7.095774951349402837e-01
7.097495485049826192e-01
7.097838189831677802e-01
7.102230185707045784e-01
7.107666432912529419e-01
7.131764400787679037e-01
7.144617492819121951e-01
7.145650284660612916e-01
7.149627934905395943e-01
7.154441803322173499e-01
7.162935711497053770e-01
7.168935788301117329e-01
7.171534416131195577e-01
7.188088764563640432e-01
7.189967377009932603e-01
7.193059069792225868e-01
7.204689667402937037e-01
7.208270755612683489e-01
7.213158153352003943e-01
7.219652469904548342e-01
7.228228838812241763e-01
7.229113871692781634e-01
7.234310233266946222e-01
7.241264933151597694e-01
7.244836895349519024e-01
7.245951213780648104e-01
7.246067563859295291e-01
7.254946970468143519e-01
7.261808408937009407e-01
7.268351732325089021e-01
7.269310960966109958e-01
7.282173642449887296e-01
7.282243219295421177e-01
7.282514012713415807e-01
7.286297488602723194e-01
7.292228178809041506e-01
7.302087936699838133e-01
7.314616953098316277e-01
7.315245029360922802e-01
7.323955069414743724e-01
7.324669778040779899e-01
7.339726288350467698e-01
7.341842470069400717e-01
7.347389246295387144e-01
7.358964369181767440e-01
7.369956434394294709e-01
7.385517398863756799e-01
7.396732319135572720e-01
7.403787039222882171e-01
7.405524394527353005e-01
7.414875221186022491e-01
7.421823566052778709e-01
7.423706323371728200e-01
7.429833239654536348e-01
7.431833635916014202e-01
7.432716649139159415e-01
7.436457036681802801e-01
7.442042146022115334e-01
7.443056780802324024e-01
7.459309508164388980e-01
7.459589752404212071e-01
7.460900164413635238e-01
7.466474238540308228e-01
7.469056564478480098e-01
7.473534798860796968e-01
7.473620129441786997e-01
7.487154513003632106e-01
7.488116626496900130e-01
7.490337475216438667e-01
7.492467694268047929e-01
7.494213512141043587e-01
7.494902179308824408e-01
7.497002807832247040e-01
7.497051402546710541e-01
7.497592504897535592e-01
7.499176027256908572e-01
7.510052923959480431e-01
7.511069208044335310e-01
7.514328367159927025e-01
7.515141286965854039e-01
7.515800993684550457e-01
7.522945965506508958e-01
7.523038072560015443e-01
7.533478400510299489e-01
7.537157176448163742e-01
7.537414283173767826e-01
7.545896828731469830e-01
7.546367637372343173e-01
7.550772418068363301e-01
7.554069671021518273e-01
7.556998709289450833e-01
7.557349755971212169e-01
7.563132792199847021e-01
7.567275158391123524e-01
7.568853872536327465e-01
7.573463755131679687e-01
7.575176373913974359e-01
7.578679367168849046e-01
7.587509811396095927e-01
7.587830423529396962e-01
7.591302442607132939e-01
7.593122425974998535e-01
7.604458676118730498e-01
7.605953457597248724e-01
7.614567579143778353e-01
7.616745410043703757e-01
7.617602332640485141e-01
7.620724468445257971e-01
7.622640421784380171e-01
7.624344174737925917e-01
7.624394519146380222e-01
7.626907401161320266e-01
7.628694127014477022e-01
7.629398963463619454e-01
7.635779338068164890e-01
7.638755411345570234e-01
7.643854871304899268e-01
7.648722750404846060e-01
7.649152817678561700e-01
7.651705987740633486e-01
7.652195773858178063e-01
7.653044333260637933e-01
7.665289516584329332e-01
7.666181132953580057e-01
7.670678721171902970e-01
7.674108498139254886e-01
7.688431540797284747e-01
7.694990737560711835e-01
7.697915485463038276e-01
7.701023108261676464e-01
7.701660523480460263e-01
7.702631254696676866e-01
7.702992721469962278e-01
7.703757366854832034e-01
7.705745571474781341e-01
7.713487821346831641e-01
7.733095037948030104e-01
7.733400203665153905e-01
7.737833751326945730e-01
7.738549045714219199e-01
7.739112586961143236e-01
7.747790261072102780e-01
7.749270723493728585e-01
7.751882147421678138e-01
7.755076684956537791e-01
7.766423480795416889e-01
7.773573995839024864e-01
7.785698270401333332e-01
7.790282161051205190e-01
7.795216202158002927e-01
7.795881104611794843e-01
7.800805604760745471e-01
7.803604477700508690e-01
7.807838064956219570e-01
7.815162400237624096e-01
7.816674087809974969e-01
7.831272478016434446e-01
7.833266328590720029e-01
7.834812583614207959e-01
7.839959249841998989e-01
7.841251934104215282e-01
7.845183924986920410e-01
7.858471909039923542e-01
7.860849839577793707e-01
7.862529912690132683e-01
7.862842327212018478e-01
7.868049964096693882e-01
7.869775280637301140e-01
7.878298215393262360e-01
7.879983756350809054e-01
7.887749006112972916e-01
7.893977645890910555e-01
7.903779625752505034e-01
7.903873090650643807e-01
7.910670918401988549e-01
7.919253947088975565e-01
7.940089473338127757e-01
7.941784709532802022e-01
7.944526078358672416e-01
7.945278392561195835e-01
7.950767152947102456e-01
7.955368277223850981e-01
7.969181372028186772e-01
7.971095119943519824e-01
7.978736806186310648e-01
7.983494871829269757e-01
7.989471147294521236e-01
7.993856018388911799e-01
8.004575846199886158e-01
8.005069920902917469e-01
8.005077760488732430e-01
8.009849570369456107e-01
8.010589197342389278e-01
8.015007813253138824e-01
8.020444110895389445e-01
8.022132636538119588e-01
8.023485119508469987e-01
8.025063698258810829e-01
8.026677976537154313e-01
8.028189502841457381e-01
8.032253507728502884e-01
8.033053531617396770e-01
8.035770154350213579e-01
8.041998423121253792e-01
8.043175050853351715e-01
8.047962392840016799e-01
8.058821350647704662e-01
8.059249512197759202e-01
8.060097191611970135e-01
8.061547740942504037e-01
8.062909442059891241e-01
8.066078456995628976e-01
8.067067257473887754e-01
8.067787170437855648e-01
8.072970412938818008e-01
8.073477443699582645e-01
8.078105663418915228e-01
8.079826536011662785e-01
8.081642262875684546e-01
8.082877041280251973e-01
8.083997401698952423e-01
8.084672677372677363e-01
8.089218619738588467e-01
8.095126047443773620e-01
8.095346941338048552e-01
8.100296646160963787e-01
8.112289517246842330e-01
8.114799625081485779e-01
8.115302160659110253e-01
8.115408621639274012e-01
8.116148357153093462e-01
8.116925735445523760e-01
8.118189803742417165e-01
8.121354866142097562e-01
8.127875802525255100e-01
8.128008867025682260e-01
8.129699360119888585e-01
8.130918676469653938e-01
8.133712717739775000e-01
8.133979945667436651e-01
8.141461225369237553e-01
8.143853284922405456e-01
8.147459224025903612e-01
8.151624922999728406e-01
8.153122848282714497e-01
8.156041742671265027e-01
8.162191811628212168e-01
8.173758744451550262e-01
8.181796858594282407e-01
8.190532517852171512e-01
8.190846206289855713e-01
8.192242775002527289e-01
8.192581195903080316e-01
8.194408826146291069e-01
8.195789373869668548e-01
8.196955332032337393e-01
8.199747452304732009e-01
8.200213100168219915e-01
8.204055763489443986e-01
8.206110540274206278e-01
8.209535291619939334e-01
8.221158164609910779e-01
8.222364147600977891e-01
8.223300964537499924e-01
8.224224007748477394e-01
8.227472903178129071e-01
8.228191123842037991e-01
8.230731890480025292e-01
8.238112654031009008e-01
8.242535779814528230e-01
8.257106704788355067e-01
8.259783461831651241e-01
8.266006637742903118e-01
8.267882412568654527e-01
8.270251683284439714e-01
8.272315611026606064e-01
8.273431029101280254e-01
8.277550483654928515e-01
8.281828386968207445e-01
8.287935852577447138e-01
8.289371001165196651e-01
8.289577053076407909e-01
8.290204632713509270e-01
8.290413566353712627e-01
8.291274799409679153e-01
8.293836754608191475e-01
8.297592349786698795e-01
8.309442641375960337e-01
8.309467237599340583e-01
8.312005867649376878e-01
8.313893562300468387e-01
8.315684908402138920e-01
8.317829011695047070e-01
8.326295027968774187e-01
8.327438681578916979e-01
8.332192838887174657e-01
8.332631125592899757e-01
8.333137643272701123e-01
8.335173749903599383e-01
8.339162805492695840e-01
8.346028932514342191e-01
8.347273946885345186e-01
8.349165670270622952e-01
8.353176552363152929e-01
8.353744303526383641e-01
8.358244270900706541e-01
8.370697595558364013e-01
8.372713521563106553e-01
8.376236498733051761e-01
8.378282277912434406e-01
8.379696821628576098e-01
8.394414637921653322e-01
8.399388871618481689e-01
8.401645931545480561e-01
8.402175919637876467e-01
8.403174247259039831e-01
8.410472259015333574e-01
8.419479833796411627e-01
8.421901608378039583e-01
8.430007664166930814e-01
8.434326890339212124e-01
8.436452177626828641e-01
8.438826897179527720e-01
8.439545638692620422e-01
8.442495998200650886e-01
8.447572177704866236e-01
8.455237105864075176e-01
8.458350205879546779e-01
8.466060674023789812e-01
8.466937428750902495e-01
8.468335846419509094e-01
8.470363431033132162e-01
8.473569239034021150e-01
8.477023336985416435e-01
8.477722597472246990e-01
8.479032977958462780e-01
8.479182274985717083e-01
8.479405299759351644e-01
8.482279971012288700e-01
8.486391208317684010e-01
8.486871757179835773e-01
8.491517335849629866e-01
8.499343646717675282e-01
8.500534880620969069e-01
8.500767673453445417e-01
8.501721984491026340e-01
8.502233475480390767e-01
8.504497074552185287e-01
8.506477052219186819e-01
8.506685297963777481e-01
8.509068131617218977e-01
8.510756267970726041e-01
8.511872762538916781e-01
8.514872492330118892e-01
8.524003004463933664e-01
8.532435840865549848e-01
8.536371022005186937e-01
8.540205506596403318e-01
8.541350787685833001e-01
8.542986943244923470e-01
8.543484323287906523e-01
8.553218246638220057e-01
8.553782316227070970e-01
8.554446372048846170e-01
8.557966713283082782e-01
8.559762424455698016e-01
8.563391524745117556e-01
8.569421295231630653e-01
8.570290174628344415e-01
8.570443678469973348e-01
8.571904751594180416e-01
8.571930310174262768e-01
8.573864192392794958e-01
8.575233476821477741e-01
8.577056975255138438e-01
8.581881001375663010e-01
8.582654474611342010e-01
8.583185235031354221e-01
8.591292285478761004e-01
8.591366490624274821e-01
8.592095002814175153e-01
8.592658381730132744e-01
8.595440170772572497e-01
8.599405361715823926e-01
8.599668251559597909e-01
8.599952615182921978e-01
8.603577456662114820e-01
8.604073667309003470e-01
8.605163695938503610e-01
8.605343233863014252e-01
8.605536214537774509e-01
8.610439936531701921e-01
8.611723788193433871e-01
8.617536593107690823e-01
8.619265370102150436e-01
8.620119241570507462e-01
8.629402806851546037e-01
8.630117603884353006e-01
8.630719531840816972e-01
8.634841153036770800e-01
8.637137643440041535e-01
8.638488600395275441e-01
8.644240641486712340e-01
8.645262671778586316e-01
8.654124642459121164e-01
8.657133635696808716e-01
8.659866774497270159e-01
8.660995625331148196e-01
8.661062590192456501e-01
8.662275627865039240e-01
8.662755116782517861e-01
8.663972190677711183e-01
8.667155957791774501e-01
8.672074986054592038e-01
8.678573821664534726e-01
8.679448125572036821e-01
8.681691026950013601e-01
8.683466203928199567e-01
8.686620352952499902e-01
8.693610463460437199e-01
8.695627744147819138e-01
8.706710407548251540e-01
8.720567825239098347e-01
8.726422192428155977e-01
8.727044803433796627e-01
8.728869130648911900e-01
8.731283966117843187e-01
8.737590337260940920e-01
8.744139856591474080e-01
8.748541345489282417e-01
8.749879973267512545e-01
8.752657522851708949e-01
8.755788280470120366e-01
8.756463418457109960e-01
8.759722265163212285e-01
8.759981550711387621e-01
8.761214032880266789e-01
8.765626623205955426e-01
8.766746829474116876e-01
8.777834443258887287e-01
8.781271832220548523e-01
8.783619601946427435e-01
8.791043237292979207e-01
8.797885424046143488e-01
8.803670612605308810e-01
8.805064852623346594e-01
8.806472644322842491e-01
8.815919462701137244e-01
8.822047775684939142e-01
8.824049768700532592e-01
8.825380317370197236e-01
8.826622382103306297e-01
8.828258333193951257e-01
8.832519649196171052e-01
8.832634441615138110e-01
8.833051716226941741e-01
8.834536741488948630e-01
8.835493478695357616e-01
8.839396449925732702e-01
8.839587466541238836e-01
8.843971746740256767e-01
8.847261442263532061e-01
8.850292553092914405e-01
8.850887795086287424e-01
8.853358110681600612e-01
8.854723692344891317e-01
8.857129731931971950e-01
8.858185785618712949e-01
8.867425166890375854e-01
8.867878498827260758e-01
8.868034113418896691e-01
8.868839983061767018e-01
8.877691464716253034e-01
8.883227299694633761e-01
8.909394618140694666e-01
8.911769341951922829e-01
8.918359793549233139e-01
8.919543808898386938e-01
8.920467788773838169e-01
8.926313792863009855e-01
8.928703265115391918e-01
8.938824500817496022e-01
8.939412307560924420e-01
8.952424907795646369e-01
8.953174557112699716e-01
8.954382351190590672e-01
8.955208254874224005e-01
8.956450073654675936e-01
8.973671956184076093e-01
8.977957029034350223e-01
8.981595214812574390e-01
8.983829991905911694e-01
8.984602933851486561e-01
8.986631057801283129e-01
8.991043213035956327e-01
9.000907919076965857e-01
9.001476939183323811e-01
9.003052184668083324e-01
9.007054760885173650e-01
9.007544372503232255e-01
9.012146276671637590e-01
9.014308479656574224e-01
9.017763390894214526e-01
9.023340875981811227e-01
9.023811745580571086e-01
9.024371884956926548e-01
9.025048300451994354e-01
9.028644344372681596e-01
9.038688518106368086e-01
9.046884377887490780e-01
9.047915880863171001e-01
9.048274446437737373e-01
9.051841072434987368e-01
9.051923837175817056e-01
9.056099541962507882e-01
9.056487496793202974e-01
9.060107902004376212e-01
9.062131112798309518e-01
9.062661208505975452e-01
9.069239617002978759e-01
9.070005953293737155e-01
9.085506458929099027e-01
9.086275076079838309e-01
9.090792969018702818e-01
9.093623631431543286e-01
9.097119919001325217e-01
9.103590924792611672e-01
9.107286934802186762e-01
9.115231896468699579e-01
9.117706266555566375e-01
9.120897177149336343e-01
9.120975990863675609e-01
9.143923184242597202e-01
9.153021793600557565e-01
9.153224692048949063e-01
9.153248131649615038e-01
9.154348717511354705e-01
9.154720044046624761e-01
9.157061004761307688e-01
9.165014787913742245e-01
9.167488059036434933e-01
9.176042194209764746e-01
9.182006519568194358e-01
9.192053176895312872e-01
9.194044496319653259e-01
9.203329378649127701e-01
9.203783815497120768e-01
9.205698044230370414e-01
9.207642533955627817e-01
9.207952948793270975e-01
9.211853236371817522e-01
9.217740926885606978e-01
9.218292416787784438e-01
9.219337161550393844e-01
9.223974377132125868e-01
9.231814601900606432e-01
9.240068939774747081e-01
9.242529129450502978e-01
9.249485582857036592e-01
9.251055319462683224e-01
9.251974180868116626e-01
9.253422528221267873e-01
9.255530577627025801e-01
9.257411569114877281e-01
9.260035054863074988e-01
9.263273803702868348e-01
9.264534636256919198e-01
9.265861635025582910e-01
9.266645665078431238e-01
9.268194227091285375e-01
9.273231241930542934e-01
9.274597369361675669e-01
9.277134722901155817e-01
9.279712851768805448e-01
9.285050273806375598e-01
9.288155350154377876e-01
9.293697128206328539e-01
9.295164887214479865e-01
9.295749852874598540e-01
9.297112374776714816e-01
9.298042641590748003e-01
9.300780116749367554e-01
9.310293001289435821e-01
9.317788013672620995e-01
9.320844237470548022e-01
9.322168163710196076e-01
9.324930957290396005e-01
9.326642321501346089e-01
9.328200625135522062e-01
9.331970977541101941e-01
9.334537825120118315e-01
9.334989594384975886e-01
9.335813198470122032e-01
9.337297538426206911e-01
9.348748099712568260e-01
9.349727273283429119e-01
9.350791983525654771e-01
9.351190384893897090e-01
9.358626465039717734e-01
9.359031783990037212e-01
9.359474962001790299e-01
9.360214275902977166e-01
9.361738421129954801e-01
9.367533686243958435e-01
9.372766049579607239e-01
9.379088203364289722e-01
9.380428584328066588e-01
9.386414239048315178e-01
9.387586146950588351e-01
9.389731628261845930e-01
9.390286514188032063e-01
9.397448238382354324e-01
9.398097424778124598e-01
9.405304482874943250e-01
9.412677572347158961e-01
9.417900825475653548e-01
9.424727270525466993e-01
9.428919927862231543e-01
9.434373029730654947e-01
9.436346781643201176e-01
9.436606413665808990e-01
9.440019224762795647e-01
9.441117297078237547e-01
9.441961029575054454e-01
9.442452023484186885e-01
9.445899932938064403e-01
9.453310058825233897e-01
9.458761194143583406e-01
9.459056126184157698e-01
9.459784135710492814e-01
9.460488136852055474e-01
9.471502672154932245e-01
9.472815410319653795e-01
9.475939068090549755e-01
9.479251141300297778e-01
9.482839870577669528e-01
9.486095071145161928e-01
9.487138393766997302e-01
9.488187273200058280e-01
9.492872355415025165e-01
9.493459472073531025e-01
9.498002291502773975e-01
9.498209823310094224e-01
9.499471421733045595e-01
9.507057301957195783e-01
9.510259552538357086e-01
9.511744113834411651e-01
9.511991350685681246e-01
9.524991024545291785e-01
9.535378671999769074e-01
9.536373223059648740e-01
9.538055207399050994e-01
9.539406097242236759e-01
9.539867277815152757e-01
9.544416903966718158e-01
9.545438779116603989e-01
9.551590523778407116e-01
9.553069886356521101e-01
9.556855074093045799e-01
9.557691181833875005e-01
9.561748584060395517e-01
9.562617380457699712e-01
9.576465902644678563e-01
9.578282493564360678e-01
9.583094417830039236e-01
9.585138103199424275e-01
9.587999749200647459e-01
9.597393972778337501e-01
9.599907820774221667e-01
9.604715795608121942e-01
9.609504475934126377e-01
9.614757952051778966e-01
9.625197274398973324e-01
9.628676242180330691e-01
9.632192067948569525e-01
9.639205070996821334e-01
9.640579933073629704e-01
9.641512045612588011e-01
9.641770568156523558e-01
9.648815679130160472e-01
9.649756845974492014e-01
9.649763360349987718e-01
9.651715437948165111e-01
9.654251724557759706e-01
9.654797658428465601e-01
9.656648064839552514e-01
9.667562296315432846e-01
9.671275572900533968e-01
9.675865896663115029e-01
9.677272660020443951e-01
9.680473643139755335e-01
9.680929557320913093e-01
9.682029521098881597e-01
9.682852311761015462e-01
9.688098960680895377e-01
9.691856149321778080e-01
9.694263347221421245e-01
9.694712952885459201e-01
9.698250238551631153e-01
9.710491915473868918e-01
9.717621119746392422e-01
9.719312687220810210e-01
9.720847384413153769e-01
9.734619793495332685e-01
9.734651177423229162e-01
9.736023729496331436e-01
9.737282099659196888e-01
9.739272605558322304e-01
9.751459889965475858e-01
9.756170794701291005e-01
9.765350718454713919e-01
9.770239758899530447e-01
9.771147419878780660e-01
9.783887527140582296e-01
9.784626999873973219e-01
9.800459475279607036e-01
9.815447254623742568e-01
9.835104423255605077e-01
9.835397893207142861e-01
9.856462315110957606e-01
9.885178410198118826e-01
9.885535532034207540e-01
9.889086806884320735e-01
9.893149139132066949e-01
9.899205603404925835e-01
9.900123265602470690e-01
9.902193086012313072e-01
9.905611428787692851e-01
9.907374972552459580e-01
9.910506721184129120e-01
9.912634197998132501e-01
9.913109801808465127e-01
9.914211699875239425e-01
9.919393534911123966e-01
9.930469653924486328e-01
9.932406231281765141e-01
9.943158277252202026e-01
9.945088261115903050e-01
9.945807137357638439e-01
9.956144022659774162e-01
9.966359688488932722e-01
9.966613266659517523e-01
9.975838527683149604e-01
9.978632273422229915e-01
9.980625341331792466e-01
9.981253915897322360e-01
9.982528268637592683e-01
9.985886182038810066e-01
9.986924668670121852e-01
9.992464839814456656e-01
9.993201976259363795e-01
9.993318668615848166e-01
9.993627743508738392e-01
9.993757294047151962e-01
