# two par
7.640969709081912864e-02
7.712357717065698726e-02
8.377968556058677796e-02
8.491185174554664872e-02
8.498447812366445586e-02
8.729910734444486231e-02
8.781542391763340338e-02
8.941407313989178929e-02
9.163444330511609504e-02
9.296047559449263642e-02
9.409653080401574055e-02
9.576952838377254806e-02
9.675536606805201778e-02
9.681389857949812550e-02
9.855684821388917272e-02
9.863008619366413210e-02
9.896032082719011247e-02
9.935277591846895795e-02
9.998425232776234073e-02
1.006232400536992005e-01
1.018377431116084114e-01
1.029462486505552110e-01
1.035268349777648117e-01
1.039386371389847685e-01
1.047135398512800269e-01
1.047556391162311334e-01
1.050319744948557676e-01
1.055394662236875253e-01
1.056318887966297831e-01
1.060484736025291974e-01
1.064030175956037633e-01
1.067397044416721480e-01
1.069059833836042833e-01
1.070894399703737204e-01
1.076928522156498785e-01
1.079581919852237171e-01
1.084250121198346434e-01
1.085514879870473764e-01
1.085811195504277071e-01
1.086628271877744245e-01
1.088319888051152706e-01
1.090151202938775404e-01
1.097367672784725356e-01
1.102702942592307112e-01
1.104108626343842658e-01
1.118695181756209495e-01
1.121486932789548807e-01
1.126575802967633572e-01
1.132245730720547877e-01
1.132632811732949413e-01
1.139680891174753297e-01
1.140003923285095172e-01
1.141665577206126686e-01
1.141917148757869011e-01
1.142139796069007035e-01
1.148665929313540529e-01
1.150025142753778040e-01
1.150311360693982848e-01
1.169966180994168881e-01
1.170693945034162187e-01
1.171265334430178912e-01
1.178079457831331389e-01
1.182914706743588423e-01
1.183493368442159188e-01
1.186796695627865411e-01
1.188271262429923258e-01
1.194763344897281365e-01
1.195382579774065951e-01
1.198126696860929846e-01
1.200999968477787505e-01
1.204055422266779030e-01
1.206121923374494226e-01
1.207419458705716597e-01
1.213837370055010773e-01
1.214458565401498047e-01
1.223691517436942405e-01
1.223902056586542025e-01
1.225611825795705906e-01
1.231182136171231761e-01
1.234069375838331567e-01
1.235811731519641382e-01
1.239249576994594787e-01
1.246282241587688688e-01
1.246929610443150011e-01
1.247137292659836333e-01
1.247490804346123028e-01
1.247522866647388790e-01
1.248140999609153035e-01
1.248413481963872723e-01
1.248784440872633128e-01
1.250329080705407936e-01
1.252813758505771646e-01
1.259457306082925609e-01
1.261310465129396596e-01
1.262624708152532971e-01
1.271007671265807493e-01
1.272221245153588864e-01
1.272437652025083243e-01
1.279609374534959598e-01
1.283877707795421652e-01
1.284661517202368430e-01
1.286637309994990430e-01
1.287870524629741165e-01
1.288951498706941978e-01
1.290271988406254400e-01
1.290273174797466893e-01
1.292119700598238219e-01
1.293818876700119080e-01
1.296739170305865885e-01
1.299487212421271964e-01
1.299755038176417798e-01
1.300197969272594012e-01
1.302086728527444282e-01
1.302915526764559240e-01
1.303031409405928931e-01
1.309509465815634766e-01
1.311917933810344550e-01
1.313093396778640676e-01
1.318989176737770941e-01
1.319287653815580386e-01
1.320816337696637810e-01
1.322632367201356240e-01
1.329812861169532845e-01
1.329917994029836681e-01
1.330037157191781005e-01
1.333468474408051885e-01
1.336353704130009146e-01
1.337593213062077679e-01
1.337705711903547368e-01
1.342101818955059034e-01
1.342899811955994560e-01
1.351416942047540815e-01
1.355384124640909571e-01
1.356563178990690399e-01
1.357307301047012138e-01
1.365332622090194292e-01
1.366618166129392464e-01
1.367876540834814802e-01
1.368120507946057884e-01
1.368881043150065313e-01
1.372849702147270479e-01
1.375705506237921705e-01
1.375750638502512557e-01
1.377616436595096860e-01
1.377925908496919760e-01
1.385209949554759845e-01
1.386263754085001187e-01
1.392046843928173294e-01
1.392059502635081270e-01
1.392390843173734183e-01
1.394427862040638066e-01
1.394585916547189386e-01
1.395676470322614882e-01
1.395912788074983868e-01
1.397480951944700678e-01
1.400512707495702169e-01
1.400760921547587745e-01
1.401698935295095927e-01
1.401747185665764839e-01
1.404716402925560437e-01
1.410477956473259464e-01
1.412042155092594342e-01
1.416462576486884894e-01
1.418221686273192506e-01
1.420068777725904396e-01
1.421836254180696424e-01
1.423473862295497050e-01
1.423741270627947864e-01
1.425190710988436804e-01
1.426515261141350910e-01
1.432984929341221125e-01
1.433593702500494116e-01
1.434221982332738177e-01
1.434567816338820911e-01
1.436847696852653622e-01
1.441284439415380092e-01
1.443959202223191185e-01
1.444619487419934178e-01
1.444781324283084256e-01
1.445620029936481865e-01
1.449417730816706662e-01
1.451848207629270471e-01
1.452728196101803204e-01
1.463510530780785246e-01
1.464817980788764296e-01
1.465020529240382841e-01
1.468450321194929020e-01
1.468620951998123036e-01
1.469382314741983497e-01
1.476257487334796670e-01
1.476964486739266169e-01
1.478795076317227786e-01
1.481349519645043522e-01
1.484499257869736633e-01
1.486007042088936247e-01
1.491706430101441272e-01
1.492480059237646650e-01
1.494157849701700236e-01
1.495161141074937972e-01
1.496700551321078765e-01
1.498603967423423611e-01
1.498948628495240798e-01
1.501080982961274790e-01
1.502636602157713386e-01
1.518189356197697792e-01
1.521883636709185084e-01
1.523155704261061894e-01
1.523637227175654307e-01
1.524112113266133939e-01
1.524562070741259379e-01
1.525146495933656365e-01
1.526761627166558499e-01
1.527343787601604108e-01
1.527866408706467505e-01
1.528025814563597484e-01
1.530263760587162736e-01
1.533399270755466393e-01
1.536239176150195340e-01
1.536907492428453981e-01
1.541319107816732092e-01
1.541536300209731536e-01
1.542339623472624988e-01
1.545051665601573920e-01
1.546212551364043453e-01
1.546389807393150351e-01
1.547235950310602293e-01
1.547423877992594732e-01
1.548958643097270438e-01
1.551617028214185845e-01
1.554968493674708796e-01
1.555390685040578536e-01
1.556631197835208757e-01
1.557878525592310270e-01
1.559136240835680143e-01
1.559182270420840233e-01
1.560249876660162738e-01
1.560936186505850476e-01
1.566082418917673080e-01
1.567995454475864803e-01
1.570180621684067745e-01
1.571108305583426012e-01
1.573557314525393935e-01
1.573631757908563189e-01
1.579018623654692421e-01
1.580722943117047752e-01
1.580726133563412072e-01
1.583778626154137836e-01
1.585349196024692098e-01
1.586111851459241773e-01
1.586786536766060518e-01
1.587087312468795364e-01
1.587193612958221478e-01
1.589139544683561556e-01
1.591112386562278658e-01
1.591235487959492823e-01
1.591652368693603770e-01
1.595184959012490022e-01
1.597657049713472888e-01
1.599194100635176197e-01
1.601100821563814502e-01
1.604273402584425190e-01
1.605979506632362608e-01
1.606259234708429240e-01
1.606303615355561543e-01
1.606802858127034106e-01
1.615277949738984087e-01
1.617033026517110672e-01
1.617054405417532037e-01
1.622873404965706201e-01
1.626010248384623103e-01
1.626473476964491460e-01
1.626810289811553567e-01
1.631103707665845781e-01
1.632908622524396336e-01
1.633344331763318946e-01
1.633978858442057258e-01
1.637062810789096656e-01
1.637455329918562630e-01
1.637530586759136098e-01
1.638014547953251798e-01
1.638809063885758033e-01
1.641330540500275104e-01
1.645023853121027335e-01
1.647290977305479465e-01
1.648674277089638429e-01
1.648805360616022175e-01
1.652659379696517772e-01
1.652923944378394960e-01
1.654561668053821377e-01
1.654632819160490320e-01
1.662397467788853389e-01
1.663738171524064835e-01
1.666713915300243321e-01
1.667566410926423770e-01
1.671466425029795033e-01
1.673171988900430673e-01
1.674426754262462180e-01
1.676641152777610111e-01
1.677598767735703211e-01
1.680673339652535569e-01
1.681120076807350316e-01
1.683199401566840281e-01
1.685011022816949311e-01
1.685516735521158660e-01
1.689361342167994273e-01
1.690184818402307443e-01
1.692484155652628219e-01
1.692958977847476010e-01
1.697775703236649447e-01
1.701508403113478618e-01
1.702844057731194294e-01
1.703306049771416419e-01
1.703424527225429475e-01
1.703779474852875897e-01
1.704324892182401407e-01
1.706509266228282695e-01
1.709143957235822742e-01
1.709854450686580096e-01
1.711916694408140149e-01
1.712402689456865301e-01
1.712974042777712647e-01
1.715029179755953870e-01
1.722692086087003471e-01
1.724450384465069097e-01
1.724815841969206121e-01
1.727238009446890599e-01
1.728886477317200521e-01
1.730413838631307544e-01
1.732398475901588408e-01
1.733874079793602530e-01
1.739770164429397525e-01
1.741967918677901350e-01
1.742710369974916906e-01
1.742952575848114027e-01
1.743786047237460557e-01
1.745362765320293275e-01
1.746519875551687806e-01
1.748564087619164098e-01
1.751238668306603630e-01
1.757592443291415008e-01
1.759229475648853014e-01
1.760978619862572370e-01
1.761308548097545723e-01
1.765027349525437050e-01
1.765593390574993482e-01
1.767545311619298232e-01
1.770379324171509894e-01
1.775106949279534330e-01
1.775222764490386740e-01
1.776063413627816390e-01
1.780365644654808011e-01
1.780497444412187102e-01
1.785874985053859942e-01
1.787881305135144705e-01
1.789381534914561422e-01
1.791208258568960099e-01
1.802197912413409098e-01
1.804595195701218791e-01
1.805476177160340312e-01
1.808635186824030794e-01
1.808875435915766883e-01
1.812610787268242873e-01
1.816820415219457807e-01
1.819480095517110596e-01
1.819499127495443347e-01
1.819891296579958240e-01
1.820000226546671374e-01
1.820899807012837379e-01
1.825099353898628207e-01
1.826583043171184639e-01
1.826987610403492113e-01
1.827757933329592910e-01
1.828023323221715513e-01
1.828560324229941692e-01
1.832867997458164921e-01
1.834082973921703219e-01
1.834564614350360223e-01
1.834940421853205605e-01
1.835557381310734537e-01
1.836016306371722473e-01
1.837605664169572606e-01
1.841485342172442807e-01
1.844387177519578036e-01
1.845889692485420397e-01
1.846919684321134403e-01
1.847804346052003277e-01
1.848396478048418834e-01
1.850442502665302635e-01
1.852705751118282063e-01
1.853846847061527692e-01
1.855862149442327746e-01
1.856593324448133631e-01
1.857415671776334598e-01
1.858525333967909754e-01
1.859996418336728186e-01
1.860720874252732582e-01
1.861633659689249931e-01
1.862032172101218408e-01
1.863248667755281196e-01
1.863995065643483662e-01
1.865175195420881726e-01
1.866536343955770283e-01
1.869052925235829832e-01
1.870278834731839979e-01
1.871601883975355651e-01
1.876689390270001034e-01
1.878580859729704344e-01
1.878915734189816333e-01
1.880801917927999167e-01
1.880930604753840996e-01
1.891453662132548952e-01
1.895049946661925555e-01
1.895626813307231262e-01
1.896006345055844255e-01
1.897580530550156686e-01
1.900479484316664192e-01
1.900933832323750960e-01
1.901614900530718411e-01
1.906944100522363628e-01
1.909358703122837619e-01
1.913681685195669779e-01
1.917460152171686916e-01
1.917956436459209990e-01
1.921477077661631894e-01
1.921551777451238896e-01
1.921914850055373158e-01
1.922483641401344645e-01
1.925420925831566599e-01
1.926083061563265142e-01
1.927048576844266337e-01
1.927656695605059478e-01
1.933508205071829411e-01
1.933642354320067591e-01
1.935136960703948139e-01
1.941456570924922354e-01
1.942264475441264904e-01
1.946293594397955906e-01
1.951116584957563738e-01
1.955423727979102577e-01
1.957283674586958178e-01
1.957434638699262208e-01
1.957994285022310044e-01
1.960343955190444742e-01
1.960922298407834219e-01
1.962914880329801881e-01
1.965714551257267129e-01
1.965885929579374858e-01
1.967100536151762391e-01
1.968417110127432257e-01
1.971808191462643967e-01
1.973548681313287423e-01
1.978241050871145101e-01
1.982110637280226906e-01
1.983653654436758063e-01
1.984449775119108417e-01
1.985144151217233255e-01
1.985630931305779889e-01
1.986705159447429703e-01
1.989182532274827719e-01
1.990252075073470350e-01
1.990600474381714058e-01
1.992370849351054463e-01
1.993761764105512202e-01
1.994440079742883232e-01
2.000684702761334477e-01
2.006931113049955917e-01
2.012474215248845899e-01
2.013933637569056412e-01
2.015856363699880249e-01
2.016245794620147025e-01
2.019757676491318321e-01
2.020095792341740359e-01
2.022055717119745633e-01
2.023513941733196819e-01
2.034677665673441660e-01
2.036582160629504812e-01
2.040354300881760952e-01
2.042480227928610836e-01
2.047422490135315520e-01
2.047728689063491592e-01
2.055951150117630299e-01
2.057553320558733467e-01
2.059737756980688506e-01
2.064185403118191653e-01
2.067837325704331985e-01
2.067898336200719722e-01
2.071283230195358205e-01
2.072411616173623627e-01
2.074211923158960635e-01
2.075587136739782401e-01
2.079039121806499357e-01
2.079925527394117235e-01
2.087597684732001857e-01
2.089042944771888899e-01
2.090221449468686321e-01
2.090268530332940466e-01
2.090374059141849039e-01
2.090859465782360371e-01
2.091137326632509785e-01
2.097021983724332017e-01
2.097771571731586737e-01
2.098811040008032036e-01
2.100170519459308716e-01
2.101307505167092082e-01
2.103381510906943974e-01
2.106133917874922767e-01
2.106329868673211259e-01
2.109991398748973512e-01
2.110174865303041936e-01
2.114174538051692698e-01
2.114403563078872950e-01
2.115287939486363844e-01
2.115994957163183365e-01
2.117001738369556352e-01
2.119113349230848653e-01
2.124815486839483625e-01
2.125237270800929001e-01
2.125766440709758176e-01
2.125931155307871079e-01
2.129240823212022737e-01
2.129653699547558177e-01
2.134437266624472918e-01
2.135353828466672599e-01
2.141156399958287493e-01
2.145501772958448294e-01
2.147010487918729338e-01
2.152795888829381332e-01
2.155407672657935758e-01
2.158937266916790276e-01
2.159374222721593684e-01
2.163559563073360337e-01
2.164798728543750883e-01
2.171103570875964617e-01
2.172732655712586725e-01
2.175619616883919250e-01
2.181347595314666599e-01
2.183624892524943795e-01
2.184346166424978308e-01
2.188001281300125112e-01
2.189813766555849528e-01
2.190380805596103264e-01
2.190448565982658080e-01
2.191472001343664766e-01
2.191730808633040872e-01
2.193506346194536438e-01
2.200945680900430190e-01
2.207188459067951913e-01
2.213206743583888692e-01
2.213786626496394294e-01
2.216365883696500561e-01
2.219361549025407609e-01
2.224649411105982244e-01
2.225644179270015732e-01
2.226173526255801616e-01
2.230305790494749030e-01
2.231781078129535245e-01
2.236851810911524019e-01
2.240095982427683374e-01
2.240161736695752415e-01
2.241639065239763862e-01
2.243344755972939697e-01
2.244738500460341513e-01
2.248878212246985253e-01
2.250708758205138549e-01
2.255844206928052376e-01
2.257818752144294117e-01
2.258377184160721973e-01
2.259642537797467432e-01
2.260653085698033915e-01
2.265874544756455167e-01
2.268774991420143550e-01
2.272011465825905241e-01
2.273047683205001168e-01
2.273907005329738329e-01
2.275735245549594943e-01
2.276075704539780864e-01
2.276923753687622176e-01
2.276934076407673979e-01
2.278214127125514354e-01
2.286711844685098693e-01
2.290472842771330286e-01
2.295433947683279130e-01
2.297777072114763341e-01
2.299690143874266735e-01
2.300628049599339475e-01
2.303806433446277391e-01
2.309900308238754529e-01
2.315786791878725603e-01
2.318632206645636906e-01
2.318959503866389882e-01
2.319470208991104843e-01
2.321256199716478508e-01
2.322146446878276815e-01
2.323076477543877250e-01
2.324050314918528204e-01
2.326584874409302894e-01
2.330978913536578545e-01
2.332504733733475055e-01
2.336190250160638526e-01
2.339681309603699466e-01
2.339835763755503950e-01
2.346395581999595192e-01
2.348151269579885070e-01
2.359776296653146865e-01
2.364107740151495940e-01
2.368299500871587360e-01
2.372550908793470970e-01
2.374540877939270156e-01
2.375235149761380782e-01
2.377469708356708122e-01
2.381043638550206232e-01
2.385301596157073101e-01
2.388219948133452064e-01
2.388812987592729420e-01
2.390490247266108259e-01
2.391474193691377204e-01
2.392721415774899385e-01
2.399851424855758975e-01
2.401979009100612961e-01
2.415348189481902053e-01
2.416112269664502932e-01
2.417691886359298603e-01
2.417702870840462148e-01
2.420665291428876764e-01
2.423413429618117565e-01
2.423825892052862141e-01
2.424618315709341221e-01
2.425081382583842426e-01
2.432035628813252193e-01
2.432256867968647929e-01
2.432310586874176506e-01
2.433148271561082210e-01
2.433357892500713215e-01
2.434291563304477879e-01
2.440897000536094430e-01
2.441975249466243059e-01
2.447262114336743455e-01
2.448393728123116619e-01
2.450197031291566907e-01
2.450360331190436225e-01
2.451774485345737942e-01
2.454137706419936282e-01
2.455672868610994930e-01
2.455867782488111717e-01
2.457600466265811023e-01
2.469684523026572098e-01
2.470178968440002454e-01
2.471651517979453760e-01
2.473006994622128085e-01
2.476875765215106051e-01
2.477737408363987481e-01
2.478236561489216838e-01
2.479379770897810753e-01
2.482848666177611408e-01
2.486012579117588273e-01
2.487371870073542268e-01
2.487712592339624273e-01
2.493549452544346345e-01
2.493665507435978701e-01
2.495769327901453394e-01
2.497312904469806416e-01
2.498933373261787438e-01
2.500944107738534705e-01
2.503437493917536338e-01
2.508593543510758139e-01
2.509377983089578490e-01
2.509791940434117352e-01
2.512964405420998193e-01
2.516025321405535586e-01
2.516186813402921385e-01
2.521840101445836924e-01
2.524543451525917415e-01
2.524689998751851183e-01
2.524705007476681917e-01
2.527632946894909360e-01
2.529976122756381618e-01
2.531301485207282376e-01
2.534620571861720961e-01
2.534630234904228785e-01
2.540414302338093733e-01
2.540878201641392775e-01
2.550843772876476567e-01
2.552439452233007389e-01
2.552457972452423229e-01
2.557967671221059724e-01
2.561031604505725756e-01
2.561727583568405575e-01
2.562933748820368507e-01
2.564943412198983919e-01
2.565892559617530821e-01
2.573604812100528383e-01
2.577105497003801537e-01
2.578196837379429507e-01
2.584692676916319209e-01
2.592811821396244221e-01
2.593872491949318904e-01
2.595977640229187311e-01
2.597200952490483772e-01
2.600659158970978213e-01
2.609086044830392082e-01
2.609360165975725954e-01
2.611001452034882320e-01
2.612798124818020984e-01
2.614767427126547528e-01
2.617578803527443321e-01
2.617646328838286185e-01
2.619896435942880575e-01
2.623452384118169500e-01
2.625823692020652356e-01
2.626606154984431618e-01
2.633871597592469804e-01
2.635981771376555982e-01
2.637911969310465232e-01
2.638663294880683186e-01
2.640980380807407824e-01
2.642063999719018730e-01
2.645535022766482558e-01
2.650896184659838339e-01
2.655992037805643968e-01
2.659937114861522511e-01
2.660816397959107071e-01
2.664359466656683328e-01
2.664856296402126623e-01
2.668374014153848672e-01
2.671854456709260583e-01
2.677582462759215964e-01
2.677955111385658116e-01
2.677982132026090478e-01
2.682939203541966355e-01
2.683325746268150347e-01
2.687426831552608419e-01
2.687542491505144349e-01
2.688976258322327562e-01
2.712367731526745818e-01
2.720015661998395617e-01
2.720978746426023775e-01
2.723405893804837219e-01
2.725488858190423525e-01
2.726649276889033802e-01
2.727824099815464032e-01
2.731716217025211280e-01
2.732404958329700539e-01
2.734384065883483372e-01
2.744549581030590879e-01
2.745221518764110469e-01
2.745559775489807564e-01
2.751295646476580314e-01
2.752482506721922184e-01
2.753827760118018886e-01
2.755684167023283448e-01
2.759637348136556034e-01
2.760697834572717890e-01
2.763231390856099035e-01
2.773149305849591517e-01
2.793990132576456009e-01
2.798638465230672279e-01
2.802124908916633905e-01
2.807007583642437964e-01
2.808517684665517433e-01
2.809457800821530959e-01
2.810397697255152538e-01
2.810470664583208933e-01
2.812955048021325566e-01
2.814411781014842795e-01
2.814954437189308156e-01
2.817686998311333402e-01
2.818590672085162230e-01
2.821519180873525157e-01
2.824581169499164046e-01
2.829201501531115603e-01
2.831949747276439888e-01
2.832245800122303869e-01
2.843012841649215638e-01
2.843827988504316062e-01
2.848645314405577889e-01
2.849914780174647166e-01
2.854626639267036081e-01
2.856333994549353217e-01
2.874911678988120722e-01
2.880613999619226484e-01
2.886631848196479777e-01
2.887773074934981699e-01
2.887907108149548874e-01
2.897303049998654068e-01
2.903027220914563555e-01
2.903658853729356171e-01
2.903702699401719545e-01
2.904707814820246536e-01
2.905191881017329947e-01
2.909241771843065205e-01
2.911355205263180812e-01
2.917190489860474467e-01
2.925605784338036752e-01
2.931158749870196312e-01
2.936193865532247815e-01
2.936856940634291480e-01
2.940839350594479651e-01
2.949681958855590036e-01
2.955828562491040756e-01
2.959567220944492316e-01
2.960089506720449126e-01
2.962517189570254561e-01
2.981671657348790583e-01
2.985173913970788351e-01
2.985287823434263355e-01
2.992013368013969887e-01
3.001842625115616614e-01
3.005399125339597299e-01
3.008702666896738709e-01
3.016339616912522836e-01
3.017115412405553809e-01
3.017157839647324202e-01
3.019489252487382314e-01
3.046177759609409730e-01
3.048599874980700286e-01
3.055183502523377004e-01
3.055754096834647493e-01
3.063826335431252823e-01
3.066189534120809523e-01
3.066362135563021618e-01
3.071829613650465252e-01
3.077657267256928564e-01
3.080287159326681734e-01
3.081227361398239384e-01
3.081912373558942098e-01
3.083390547219345690e-01
3.085371078260085720e-01
3.085886061055850282e-01
3.101960769952065711e-01
3.113345407195163839e-01
3.113495686577543720e-01
3.119484796751169076e-01
3.120141935250180798e-01
3.121300026022096330e-01
3.136215958208108390e-01
3.140684793658562457e-01
3.190154379236142534e-01
3.192861064120149361e-01
3.193200997358595083e-01
3.198336662056568969e-01
3.198600577537816791e-01
3.201414241900926716e-01
3.206012921272715643e-01
3.206750591021501062e-01
3.215718919951806587e-01
3.231836734215482454e-01
3.235415694534899411e-01
3.237458713142241651e-01
3.238347876888965637e-01
3.240669281511464606e-01
3.257365901909538564e-01
3.259728362628462328e-01
3.262075518030158050e-01
3.265170363784660190e-01
3.269905872475173947e-01
3.275223232257262751e-01
3.279743242261252689e-01
3.280695436983387392e-01
3.294486850507361009e-01
3.309765025421282369e-01
3.316562998713687427e-01
3.336029017291673449e-01
3.345373329674798946e-01
3.347448370113527139e-01
3.350271456789335467e-01
3.360073558367983604e-01
3.367751301561023869e-01
3.372647954367705703e-01
3.387895656639390851e-01
3.388819378103822832e-01
3.393091543751328709e-01
3.394244078911188844e-01
3.396853145893606873e-01
3.415104116605308660e-01
3.422832473711680534e-01
3.426277755996042784e-01
3.439492527324712334e-01
3.444504840374455479e-01
3.448663151218698264e-01
3.449063855957451574e-01
3.453934885294648316e-01
3.487416973266181386e-01
3.489526841061814655e-01
3.497937980870446939e-01
3.504195786107712762e-01
3.512828045844256786e-01
3.515104986356074046e-01
3.516123053811996413e-01
3.533852164369816196e-01
3.538094495789925187e-01
3.557042019218024098e-01
3.558475520666665726e-01
3.562493410955038242e-01
3.568626873889196305e-01
3.569415934259702605e-01
3.583382487315711074e-01
3.584233726326196967e-01
3.585366390596220199e-01
3.594468629177257069e-01
3.597471415892985469e-01
3.607664331635111465e-01
3.620935381509072792e-01
3.624028559926643078e-01
3.639193138395640514e-01
3.646545230259149450e-01
3.676442625945907094e-01
3.683043406257667796e-01
3.693941405865411309e-01
3.700230726615362231e-01
3.724387734043977938e-01
3.726979107998783514e-01
3.729028962582331963e-01
3.732859594957922966e-01
3.740936631045312932e-01
3.749485786267675036e-01
3.754061066188912887e-01
3.758388213576677184e-01
3.766629992385280290e-01
3.775661606423003080e-01
3.782109829276573687e-01
3.789086529913980317e-01
3.810738657865980761e-01
3.841366551398251450e-01
3.863024370327921009e-01
3.864771667515825015e-01
3.869005903656661527e-01
3.888844128529116428e-01
3.896818626292623544e-01
3.908540566260655935e-01
4.010485486953084822e-01
4.020562600060689218e-01
4.048180809204350861e-01
4.051312637764983848e-01
4.076700465822044595e-01
4.091787475778556060e-01
4.099137549872626241e-01
4.102430572371272843e-01
4.108046570058794811e-01
4.112283062614316975e-01
4.119821712728452545e-01
4.126049224600129572e-01
4.131192608325317539e-01
4.139518288551617409e-01
4.160605671239296921e-01
4.174435119243517511e-01
4.179074766441229771e-01
4.193116289362541216e-01
4.203853195765219763e-01
4.223797555956292360e-01
4.249411340086464151e-01
4.255927971423256184e-01
4.264597572249865243e-01
4.266045872149600848e-01
4.275337560292774564e-01
4.279176731867472272e-01
4.292967810302953935e-01
4.294025745339499767e-01
4.311665881854316318e-01
4.313267474906489762e-01
4.397026009210771580e-01
4.401418987664120208e-01
4.427162990592935499e-01
4.452581283477779484e-01
4.453203307061173732e-01
4.454390614279218896e-01
4.456312724709400319e-01
4.463145269395394910e-01
4.493578341106121421e-01
4.494027972156504624e-01
4.514836947479899942e-01
4.515446326562861934e-01
4.518558363707407821e-01
4.553271279180331477e-01
4.575056788886664449e-01
4.610604373019945856e-01
4.623035154773574851e-01
4.647073694487577344e-01
4.668803362492184306e-01
4.672029989361136670e-01
4.689941286594722647e-01
4.691111760369989225e-01
4.796548641170224614e-01
4.911935434345591767e-01
4.946355417475508109e-01
4.960273336815744227e-01
4.964639621118165369e-01
5.002628516829275007e-01
5.028466761617926828e-01
5.032765301327176699e-01
5.042103412044665056e-01
5.073866632010829436e-01
5.076028800466376723e-01
5.188244446757619421e-01
5.268179640679272469e-01
5.449085907431797660e-01
5.511057093792877115e-01
5.523323104750952339e-01
5.526512011924776813e-01
5.553123127837604756e-01
5.588600668617016431e-01
5.589819555714840016e-01
5.590050858765334141e-01
5.625585179788086254e-01
5.638782193528454334e-01
5.656744621994658218e-01
5.665116098434979097e-01
5.730928260735047575e-01
5.784076397407276193e-01
5.823569359955250713e-01
5.826985928395493897e-01
5.850501457952286266e-01
6.146617653097153910e-01
6.232222750805014311e-01
6.261369703885014681e-01
6.263009663017340412e-01
6.330420650434952501e-01
6.444218501507738006e-01
6.746038929749325064e-01
7.015863927725175531e-01
7.027089763873807238e-01
7.240070724575931038e-01
7.272723596949083325e-01
7.504706524038869953e-01
7.913697605520214617e-01
