3.983723646356470738e+01,1.000000000000000000e+00,1.174007962736766553e+00
6.172264045768128682e+01,2.000000000000000000e+00,1.055572719246275604e+00
7.296189206049528764e+01,3.000000000000000000e+00,9.580026188957502242e-01
7.861698383537327572e+01,4.000000000000000000e+00,8.779255220388000325e-01
8.130059504028699280e+01,5.000000000000000000e+00,8.113021427154203380e-01
8.236600530235094197e+01,6.000000000000000000e+00,7.550575773354416542e-01
8.253781633768311110e+01,7.000000000000000000e+00,7.069329149817079605e-01
8.221841292608893070e+01,8.000000000000000000e+00,6.652618336605574667e-01
8.163835983864252910e+01,9.000000000000000000e+00,6.287987490171809135e-01
8.093295274112279003e+01,1.000000000000000000e+01,5.965979685330706772e-01
8.018280979663462915e+01,1.100000000000000000e+01,5.679301852653593219e-01
7.943624276494348635e+01,1.200000000000000000e+01,5.422245691872934481e-01
7.872201795654207501e+01,1.300000000000000000e+01,5.190281544744911324e-01
7.805685662111075374e+01,1.400000000000000000e+01,4.979769518848591314e-01
7.744995814482788887e+01,1.500000000000000000e+01,4.787750931868445248e-01
7.690578789631419454e+01,1.600000000000000000e+01,4.611795516644247583e-01
7.642582700578039123e+01,1.700000000000000000e+01,4.449887893761828583e-01
7.600968693845447888e+01,1.800000000000000000e+01,4.300342094940270421e-01
7.565582762223363034e+01,1.900000000000000000e+01,4.161736403901514780e-01
7.536202387946524084e+01,2.000000000000000000e+01,4.032863108784108253e-01
7.512566970715909065e+01,2.100000000000000000e+01,3.912689335623577014e-01
7.494397680055327271e+01,2.200000000000000000e+01,3.800326213222068317e-01
7.481410340564897865e+01,2.300000000000000000e+01,3.695004371008980826e-01
7.473323691614464792e+01,2.400000000000000000e+01,3.596054300415534866e-01
7.469864559565374407e+01,2.500000000000000000e+01,3.502890487234690542e-01
7.470770963568236311e+01,2.600000000000000000e+01,3.414998494215987224e-01
7.475793838835997462e+01,2.700000000000000000e+01,3.331924371266166696e-01
7.484697838830685157e+01,2.800000000000000000e+01,3.253265916564733740e-01
7.497261529465805552e+01,2.900000000000000000e+01,3.178665420466884606e-01
7.513277188593897904e+01,3.000000000000000000e+01,3.107803605581438977e-01
7.532550356317281626e+01,3.100000000000000000e+01,3.040394538156938053e-01
7.554899235391489754e+01,3.200000000000000000e+01,2.976181333070809787e-01
7.580154009205718069e+01,3.300000000000000000e+01,2.914932511022373940e-01
7.608156122894446582e+01,3.400000000000000000e+01,2.856438894688621555e-01
7.638757557958720668e+01,3.500000000000000000e+01,2.800510952595242631e-01
7.671820120259990006e+01,3.600000000000000000e+01,2.746976516748568242e-01
7.707214753965335774e+01,3.700000000000000000e+01,2.695678813759115888e-01
7.744820888991279162e+01,3.800000000000000000e+01,2.646474760081527489e-01
7.784525826035797991e+01,3.900000000000000000e+01,2.599233480719102540e-01
7.826224160934509655e+01,4.000000000000000000e+01,2.553835017763592119e-01
7.869817248497206208e+01,4.100000000000000000e+01,2.510169200824852176e-01
7.915212704944602251e+01,4.200000000000000000e+01,2.468134656026962914e-01
7.962323947408279423e+01,4.300000000000000000e+01,2.427637934025404509e-01
8.011069768565998572e+01,4.400000000000000000e+01,2.388592740600601061e-01
8.061373944275837289e+01,4.500000000000000000e+01,2.350919255939947494e-01
8.113164871990500160e+01,4.600000000000000000e+01,2.314543530837471774e-01
8.166375237734987991e+01,4.700000000000000000e+01,2.279396949799484817e-01
8.220941709488600679e+01,4.800000000000000000e+01,2.245415752513136853e-01
8.276804654904680092e+01,4.900000000000000000e+01,2.212540606364153950e-01
8.333907881415419183e+01,5.000000000000000000e+01,2.180716223723682679e-01
8.392198396892800361e+01,5.100000000000000000e+01,2.149891018595467829e-01
8.451626189165278902e+01,5.200000000000000000e+01,2.120016797952013199e-01
8.512144022817058442e+01,5.300000000000000000e+01,2.091048483714214312e-01
8.573707251820530928e+01,5.400000000000000000e+01,2.062943861861553096e-01
8.636273646670426274e+01,5.500000000000000000e+01,2.035663355614887315e-01
8.699803234799462359e+01,5.600000000000000000e+01,2.009169820023199993e-01
8.764258153159079257e+01,5.700000000000000000e+01,1.983428355620085182e-01
8.829602511945169852e+01,5.800000000000000000e+01,1.958406139103436305e-01
8.895802268537633495e+01,5.900000000000000000e+01,1.934072269240144359e-01
8.962825110804045892e+01,6.000000000000000000e+01,1.910397626412507210e-01
9.030640348992695010e+01,6.100000000000000000e+01,1.887354744409250606e-01
9.099218815508415048e+01,6.200000000000000000e+01,1.864917693225974227e-01
9.168532771926959413e+01,6.300000000000000000e+01,1.843061971780899921e-01
9.238555822660535455e+01,6.400000000000000000e+01,1.821764409574862520e-01
9.309262834738505887e+01,6.500000000000000000e+01,1.801003076432137473e-01
9.380629863214404907e+01,6.600000000000000000e+01,1.780757199553149872e-01
9.452634081752947282e+01,6.700000000000000000e+01,1.761007087192977827e-01
9.525253717989554048e+01,6.800000000000000000e+01,1.741734058352440440e-01
9.598467993289902722e+01,6.900000000000000000e+01,1.722920377932973257e-01
9.672257066569267181e+01,7.000000000000000000e+01,1.704549196863194005e-01
9.746601981860202102e+01,7.100000000000000000e+01,1.686604496755294280e-01
9.821484619343645761e+01,7.200000000000000000e+01,1.669071038693998588e-01
9.896887649582433255e+01,7.300000000000000000e+01,1.651934315800263342e-01
9.972794490718133886e+01,7.400000000000000000e+01,1.635180509247015912e-01
1.004918926841175733e+02,7.500000000000000000e+01,1.618796447435638663e-01
1.012605677832719948e+02,7.600000000000000000e+01,1.602769568069646877e-01
1.020338245097251928e+02,7.700000000000000000e+01,1.587087882887046053e-01
1.028115231872920958e+02,7.800000000000000000e+01,1.571739944835097436e-01
1.035935298491333185e+02,7.900000000000000000e+01,1.556714817491192671e-01
1.043797159472475045e+02,8.000000000000000000e+01,1.542002046551451677e-01
1.051699580795213365e+02,8.100000000000000000e+01,1.527591633224751333e-01
1.059641377331175960e+02,8.200000000000000000e+01,1.513474009384304930e-01
1.067621410430765394e+02,8.300000000000000000e+01,1.499640014342085714e-01
1.075638585650932271e+02,8.400000000000000000e+01,1.486080873122844204e-01
1.083691850615115584e+02,8.500000000000000000e+01,1.472788176125490456e-01
1.091780192996505150e+02,8.600000000000000000e+01,1.459753860068736531e-01
1.099902638616428305e+02,8.700000000000000000e+01,1.446970190126918021e-01
1.108058249650287763e+02,8.800000000000000000e+01,1.434429743169583216e-01
1.116246122934037430e+02,8.900000000000000000e+01,1.422125392025634372e-01
1.124465388364686191e+02,9.000000000000000000e+01,1.410050290699218778e-01
1.132715207388812928e+02,9.100000000000000000e+01,1.398197860470468956e-01
1.140994771573495257e+02,9.200000000000000000e+01,1.386561776819590641e-01
1.149303301254460195e+02,9.300000000000000000e+01,1.375135957117540053e-01
1.157640044256639129e+02,9.400000000000000000e+01,1.363914549031087775e-01
1.166004274682638453e+02,9.500000000000000000e+01,1.352891919594068071e-01
1.174395291764962792e+02,9.600000000000000000e+01,1.342062644900284818e-01
1.182812418778106007e+02,9.700000000000000000e+01,1.331421500376998301e-01
1.191255002006900838e+02,9.800000000000000000e+01,1.320963451600901672e-01
1.199722409767755096e+02,9.900000000000000000e+01,1.310683645621489313e-01
1.208214031479642756e+02,1.000000000000000000e+02,1.300577402759110490e-01
